Date,Open,High,Low,Close,Volume,Adj
Close
2016-04-13,327.50,336.20,326.00,332.85,10284400,332.85
2016-04-12,323.90,330.90,318.00,324.50,11110200,324.50
2016-04-11,322.00,333.30,320.05,331.15,9014800,331.15
2016-04-08,323.05,324.80,319.05,322.10,6080900,322.10
2016-04-07,329.90,332.75,322.10,323.70,8609400,323.70
2016-04-06,315.00,332.00,313.55,328.55,14591000,328.55
2016-04-05,316.95,319.40,308.30,312.30,5723200,312.30
2016-04-04,315.80,323.10,314.70,320.35,5167900,320.35
2016-04-01,317.65,319.85,313.35,317.75,5570000,317.75
2016-03-31,324.90,324.90,314.40,319.70,13349900,319.70
2016-03-30,309.45,325.75,305.30,324.30,12438800,324.30
2016-03-29,300.00,307.75,300.00,303.85,5937100,303.85
2016-03-28,318.40,318.40,297.40,299.15,9069700,299.15
2016-03-25,317.20,317.20,317.20,317.20,000,317.20
2016-03-24,317.20,317.20,317.20,317.20,000,317.20
2016-03-23,311.80,317.90,310.55,317.20,6377700,317.20
2016-03-22,303.10,311.80,301.35,309.80,6579000,309.80
2016-03-21,302.00,305.95,300.65,303.55,5651700,303.55
2016-03-18,299.70,302.75,296.95,302.20,7314400,302.20
2016-03-17,304.50,305.65,294.90,295.90,8005500,295.90
2016-03-16,300.00,302.75,294.20,299.50,7039300,299.50
2016-03-15,297.00,302.00,294.10,300.45,6978000,300.45
2016-03-14,295.95,300.25,295.25,296.70,4445300,296.70
2016-03-11,296.00,298.20,290.35,294.05,7633600,294.05
2016-03-10,296.30,301.25,293.30,296.70,8556900,296.70
2016-03-09,283.50,296.50,281.30,295.40,10158400,295.40
2016-03-08,287.80,296.70,287.00,291.80,9281500,291.80
2016-03-07,288.55,288.55,288.55,288.55,000,288.55
2016-03-04,289.00,291.20,284.50,288.55,9170100,288.55
2016-03-03,273.00,289.00,272.10,287.05,17533000,287.05
2016-03-02,260.00,269.50,259.50,267.55,7645600,267.55
2016-03-01,250.00,258.15,246.55,257.05,7111200,257.05
2016-02-29,246.90,263.65,245.10,249.10,9850400,249.10
2016-02-26,249.50,251.70,243.15,248.45,5336800,248.45
2016-02-25,247.10,249.85,244.60,248.15,5588100,248.15
2016-02-24,250.60,253.75,246.95,247.90,4743800,247.90
2016-02-23,255.80,261.60,252.10,253.55,8452300,253.55
2016-02-22,253.60,257.50,251.70,255.25,4810300,255.25
2016-02-19,248.50,254.45,246.85,253.25,6770600,253.25
2016-02-18,255.00,256.50,243.20,250.85,9459300,250.85
2016-02-17,245.00,252.90,238.00,251.25,8295400,251.25
2016-02-16,249.60,251.60,243.15,244.85,9146800,244.85
2016-02-15,222.00,248.00,222.00,246.70,13602300,246.70
2016-02-12,226.00,229.35,211.15,217.50,9373700,217.50
2016-02-11,235.95,237.30,220.85,224.50,6151600,224.50
2016-02-10,234.85,237.75,227.10,235.70,7616000,235.70
2016-02-09,230.90,237.30,230.10,235.50,7562800,235.50
2016-02-08,238.60,243.95,232.05,234.10,10332400,234.10
2016-02-05,216.00,238.30,216.00,233.85,25803300,233.85
2016-02-04,224.40,228.60,219.00,225.95,11709400,225.95
2016-02-03,227.90,233.90,221.45,224.00,7791500,224.00
2016-02-02,250.25,251.00,230.10,231.45,8388400,231.45
2016-02-01,248.90,254.95,246.50,249.30,4420700,249.30
2016-01-29,254.65,258.80,247.45,249.70,6747900,249.70
2016-01-28,257.00,258.45,252.40,254.20,6016700,254.20
2016-01-27,255.00,259.90,253.40,257.60,6235600,257.60
2016-01-26,254.90,254.90,254.90,254.90,000,254.90
2016-01-25,249.00,256.40,248.80,254.90,5576500,254.90
2016-01-22,238.30,250.80,237.65,247.80,6510700,247.80
2016-01-21,234.70,239.35,231.25,235.60,6245300,235.60
2016-01-20,232.80,234.00,226.50,232.00,5486800,232.00
2016-01-19,237.55,240.95,231.25,238.00,6304100,238.00
2016-01-18,229.80,244.00,225.20,235.90,8417400,235.90
2016-01-15,242.50,243.00,228.10,229.70,5991600,229.70
2016-01-14,235.00,242.55,231.50,238.75,8884800,238.75
2016-01-13,248.50,251.80,237.00,246.60,7482400,246.60
2016-01-12,253.05,255.30,243.15,245.75,5425300,245.75
2016-01-11,247.00,253.35,244.25,251.65,6085300,251.65
2016-01-08,252.00,256.30,249.05,253.60,6299400,253.60
2016-01-07,263.00,263.30,248.20,249.90,9503700,249.90
2016-01-06,272.80,274.60,266.00,268.75,7454700,268.75
2016-01-05,257.55,276.40,257.55,274.30,15008900,274.30
2016-01-04,255.00,263.20,253.10,256.90,6981400,256.90
2016-01-01,259.00,259.90,253.40,257.40,3151500,257.40
2015-12-31,260.00,260.80,256.95,259.80,4446600,259.80
2015-12-30,256.40,261.80,255.10,258.70,6812700,258.70
2015-12-29,255.80,257.15,253.35,255.30,3800500,255.30
2015-12-28,263.95,264.30,253.00,254.10,5317600,254.10
2015-12-25,263.35,263.35,263.35,263.35,000,263.35
2015-12-24,266.00,266.00,260.60,263.35,3843700,263.35
2015-12-23,262.25,266.40,262.25,264.45,7702900,264.45
2015-12-22,259.00,261.80,256.55,257.40,4544200,257.40
2015-12-21,255.50,261.40,254.65,258.45,6195200,258.45
2015-12-18,256.50,257.95,254.00,255.65,6944200,255.65
2015-12-17,246.90,257.95,246.05,257.10,12112200,257.10
2015-12-16,246.55,248.60,242.10,244.70,5759800,244.70
2015-12-15,247.00,247.25,241.25,244.35,5218800,244.35
2015-12-14,239.00,248.90,238.45,245.00,11314400,245.00
2015-12-11,235.10,243.90,235.10,240.90,11922400,240.90
2015-12-10,227.25,234.75,226.50,233.00,4804800,233.00
2015-12-09,234.00,235.85,224.90,226.85,4727600,226.85
2015-12-08,242.05,243.05,233.50,234.75,4545900,234.75
2015-12-07,244.80,247.50,242.45,243.55,4936400,243.55
2015-12-04,238.05,244.25,237.10,240.25,5538100,240.25
2015-12-03,240.15,243.50,236.80,240.15,7107800,240.15
2015-12-02,239.95,245.90,238.10,243.85,8858300,243.85
2015-12-01,230.80,238.50,230.30,237.55,6586500,237.55
2015-11-30,232.40,234.40,228.80,229.60,4556700,229.60
2015-11-27,227.90,235.00,227.55,231.25,5393000,231.25
2015-11-26,225.50,230.00,224.20,227.90,4588000,227.90
2015-11-25,224.35,224.35,224.35,224.35,000,224.35
2015-11-24,223.35,226.40,222.50,224.35,4179000,224.35
2015-11-23,230.85,230.85,223.10,224.45,4102300,224.45
2015-11-20,228.10,232.75,228.10,230.00,3859400,230.00
2015-11-19,227.50,229.70,225.60,228.75,3661100,228.75
2015-11-18,234.10,235.00,225.20,225.85,5283600,225.85
2015-11-17,231.90,235.75,230.90,234.55,5240900,234.55
2015-11-16,222.85,231.90,220.20,230.60,6923300,230.60
2015-11-13,218.70,223.60,216.60,222.65,4426900,222.65
2015-11-12,218.05,218.05,218.05,218.05,000,218.05
2015-11-11,218.05,218.05,218.05,218.05,000,218.05
2015-11-10,220.80,222.25,217.15,218.05,4536400,218.05
2015-11-09,215.00,224.40,212.65,222.25,6272600,222.25
2015-11-06,218.90,221.85,215.10,220.25,9906300,220.25
2015-11-05,236.00,236.00,224.30,225.40,8801600,225.40
2015-11-04,239.15,240.00,233.85,235.40,4861300,235.40
2015-11-03,241.70,243.00,234.90,235.70,4492700,235.70
2015-11-02,246.50,246.60,236.30,238.90,4909500,238.90
2015-10-30,248.40,254.80,245.15,246.60,6173200,246.60
2015-10-29,246.30,251.45,244.70,247.60,4589000,247.60
2015-10-28,244.50,248.50,244.00,247.15,3436900,247.15
2015-10-27,248.85,250.30,244.05,245.95,3403600,245.95
2015-10-26,247.35,251.55,246.25,249.65,4188000,249.65
2015-10-23,247.40,251.60,244.15,246.00,5005800,246.00
2015-10-22,244.40,244.40,244.40,244.40,000,244.40
2015-10-21,241.70,246.45,238.25,244.40,8042200,244.40
2015-10-20,247.05,248.90,240.00,240.80,5248500,240.80
2015-10-19,253.10,254.10,246.75,248.40,4478300,248.40
2015-10-16,255.90,256.70,248.40,252.90,5326500,252.90
2015-10-15,249.15,257.20,248.05,255.25,7008000,255.25
2015-10-14,244.00,253.00,243.55,248.35,6290100,248.35
2015-10-13,248.00,248.65,243.25,245.00,5821200,245.00
2015-10-12,255.10,261.95,249.80,250.85,10570000,250.85
2015-10-09,242.40,253.00,242.20,251.10,10520000,251.10
2015-10-08,237.90,242.70,236.20,240.80,8915500,240.80
2015-10-07,225.00,237.70,223.60,236.80,9838500,236.80
2015-10-06,227.70,229.00,223.15,227.50,7359800,227.50
2015-10-05,214.90,225.80,214.20,225.00,8121300,225.00
2015-10-02,212.25,212.25,212.25,212.25,000,212.25
2015-10-01,215.00,215.50,210.25,212.25,4872900,212.25
2015-09-30,206.90,214.40,205.50,212.60,9291800,212.60
2015-09-29,205.00,206.70,199.70,201.40,12085600,201.40
2015-09-28,217.70,218.45,208.50,209.25,5730600,209.25
2015-09-25,215.15,215.15,215.15,215.15,000,215.15
2015-09-24,220.00,220.75,214.30,215.15,5634400,215.15
2015-09-23,214.40,224.05,214.00,221.00,7194500,221.00
2015-09-22,228.00,228.90,219.20,220.10,5098400,220.10
2015-09-21,226.30,229.30,223.10,226.45,5374400,226.45
2015-09-18,234.00,235.40,227.40,228.10,7629700,228.10
2015-09-17,230.50,230.50,230.50,230.50,000,230.50
2015-09-16,232.00,233.35,227.10,230.50,7191600,230.50
2015-09-15,241.75,243.85,228.50,229.15,9148200,229.15
2015-09-14,234.00,243.25,234.00,241.80,7159100,241.80
2015-09-11,243.35,243.50,230.90,232.95,5909500,232.95
2015-09-10,236.35,243.00,231.60,240.20,7252300,240.20
2015-09-09,236.00,241.80,232.35,239.50,8824000,239.50
2015-09-08,218.60,233.00,217.30,228.75,8236900,228.75
2015-09-07,221.25,224.00,215.15,215.85,4933800,215.85
2015-09-04,228.90,228.90,217.00,218.90,7229800,218.90
2015-09-03,223.40,232.70,222.10,229.75,7083000,229.75
2015-09-02,218.90,225.90,210.30,219.50,8909700,219.50
2015-09-01,222.00,226.25,213.05,216.30,6475200,216.30
2015-08-31,225.30,228.70,223.65,225.40,5782300,225.40
2015-08-28,232.60,234.60,223.20,228.95,9387200,228.95
2015-08-27,220.00,229.80,215.10,226.40,14227100,226.40
2015-08-26,213.00,219.70,208.95,215.65,8336600,215.65
2015-08-25,210.00,217.90,200.10,213.45,14206900,213.45
2015-08-24,229.30,229.30,202.65,206.10,11711400,206.10
2015-08-21,238.50,238.50,231.50,237.25,5247000,237.25
2015-08-20,247.70,248.40,240.50,241.55,4626300,241.55
2015-08-19,250.10,253.35,246.75,249.80,4304000,249.80
2015-08-18,248.10,254.90,246.60,252.35,9805000,252.35
2015-08-17,238.50,248.50,234.20,246.75,8524400,246.75
2015-08-14,234.25,239.20,229.00,237.60,9065300,237.60
2015-08-13,253.35,253.90,232.30,233.60,13764500,233.60
2015-08-12,254.40,257.90,246.10,249.05,15172600,249.05
2015-08-11,259.95,260.00,245.70,246.80,8827200,246.80
2015-08-10,262.90,265.00,260.00,261.15,3401100,261.15
2015-08-07,261.00,264.55,260.15,262.05,3791600,262.05
2015-08-06,262.35,265.40,256.25,261.00,6376700,261.00
2015-08-05,260.00,268.50,259.95,262.30,7979000,262.30
2015-08-04,249.70,259.75,246.05,256.30,9723300,256.30
2015-08-03,246.90,250.80,245.30,247.95,3556200,247.95
2015-07-31,250.00,252.70,245.00,246.90,8848100,246.90
2015-07-30,252.90,253.00,247.55,248.15,5169000,248.15
2015-07-29,251.00,254.65,249.40,250.55,4003400,250.55
2015-07-28,251.00,252.45,246.40,249.25,5538500,249.25
2015-07-27,263.00,263.20,250.05,250.75,7648400,250.75
2015-07-24,269.70,271.65,264.20,265.05,3810200,265.05
2015-07-23,274.00,274.45,269.30,269.90,6961200,269.90
2015-07-22,271.25,281.00,268.70,280.40,5910800,272.40
2015-07-21,284.10,284.10,273.85,274.70,5095100,266.8626
2015-07-20,285.00,287.70,283.00,283.55,3733700,275.4601
2015-07-17,282.00,286.35,280.00,284.05,6449900,275.9459
2015-07-16,285.10,286.50,280.10,280.80,6313300,272.7886
2015-07-15,282.70,284.80,279.10,280.40,3679700,272.40
2015-07-14,284.75,286.70,280.50,281.15,3430700,273.1286
2015-07-13,283.50,285.70,279.00,284.45,3436800,276.3345
2015-07-10,282.90,284.50,278.75,280.90,4021300,272.8857
2015-07-09,283.50,287.40,279.60,280.50,6214700,272.4972
2015-07-08,294.00,294.00,281.80,283.15,8141900,275.0715
2015-07-07,301.70,303.05,296.10,298.20,3298700,289.6922
2015-07-06,295.00,299.75,292.00,299.00,3708100,290.4693
2015-07-03,306.35,307.90,299.55,301.20,2742500,292.6066
2015-07-02,307.25,310.45,303.20,304.35,3840100,295.6667
2015-07-01,305.00,309.00,303.40,306.95,3143800,298.1925
2015-06-30,296.30,306.50,295.25,304.60,3062300,295.9096
2015-06-29,294.00,297.75,287.40,296.30,3531500,287.8464
2015-06-26,302.50,303.10,297.00,298.65,3380600,290.1293
2015-06-25,303.80,304.80,301.20,302.70,4608300,294.0638
2015-06-24,314.00,314.40,302.90,304.55,2831800,295.861
2015-06-23,311.10,316.70,310.80,313.05,3013100,304.1185
2015-06-22,309.00,312.80,307.00,310.65,3567400,301.7869
2015-06-19,305.45,309.75,304.10,304.95,3289500,296.2496
2015-06-18,304.30,306.50,300.90,303.70,3879700,295.0353
2015-06-17,303.70,310.95,298.25,305.05,8323400,296.3467
2015-06-16,296.80,297.50,291.00,294.45,3068400,286.0492
2015-06-15,298.00,302.75,296.05,297.00,2694900,288.5264
2015-06-12,298.00,300.90,294.15,297.55,2718400,289.0607
2015-06-11,306.10,306.90,297.20,298.70,3989200,290.1779
2015-06-10,305.00,307.80,301.70,306.00,2920800,297.2696
2015-06-09,296.00,307.35,293.00,304.75,6943700,296.0553
2015-06-08,312.00,314.95,301.50,302.25,3771300,293.6266
2015-06-05,309.00,317.20,302.25,311.10,5026300,302.2241
2015-06-04,317.15,318.75,304.55,308.05,4750100,299.2611
2015-06-03,322.05,322.95,314.20,316.25,2934000,307.2272
2015-06-02,330.00,330.90,320.45,321.75,2315000,312.5703
2015-06-01,329.95,333.10,327.35,329.65,1977900,320.2449
2015-05-29,325.00,332.15,325.00,328.50,3721500,319.1277
2015-05-28,329.80,330.90,322.15,324.70,4644000,315.4361
2015-05-27,332.85,334.25,327.10,328.15,2890000,318.7877
2015-05-26,336.50,336.50,329.30,332.85,2899100,323.3536
2015-05-25,339.45,339.85,331.00,332.00,3894400,322.5278
2015-05-22,343.00,347.55,340.45,341.30,3923100,331.5625
2015-05-21,350.00,351.00,341.15,342.25,10255400,332.4854
2015-05-20,367.40,367.40,355.55,361.30,6440400,350.9919
2015-05-19,364.00,369.95,362.20,368.35,2939600,357.8407
2015-05-18,365.00,367.00,361.00,364.15,2393500,353.7606
2015-05-15,360.00,365.90,355.10,364.10,5169300,353.712
2015-05-14,360.00,367.80,357.35,366.40,3754000,355.9464
2015-05-13,356.25,361.50,351.65,359.50,5396000,349.2432
2015-05-12,375.35,376.00,352.55,353.60,5474600,343.5116
2015-05-11,372.10,381.40,370.50,377.10,4477600,366.3411
2015-05-08,370.10,375.00,364.10,366.70,3452900,356.2378
2015-05-07,365.85,370.65,360.50,367.30,4140800,356.8207
2015-05-06,381.00,384.50,366.00,367.65,5998900,357.1607
2015-05-05,364.40,381.00,362.85,380.10,7665100,369.2555
2015-05-04,361.55,366.80,357.20,361.65,3268400,351.3319
2015-05-01,360.35,360.35,360.35,360.35,000,350.069
2015-04-30,368.00,368.90,359.10,360.35,6180100,350.069
2015-04-29,371.90,379.30,368.00,369.95,5452300,359.3951
2015-04-28,370.00,374.05,366.10,371.25,4159900,360.658
2015-04-27,369.10,372.80,361.50,368.90,4996500,358.375
2015-04-24,371.80,374.80,362.60,370.50,8458600,359.9294
2015-04-23,355.00,370.95,354.30,369.45,12192200,358.9094
2015-04-22,349.95,354.50,341.25,351.35,4784300,341.3258
2015-04-21,346.50,352.00,343.55,348.25,4995000,338.3142
2015-04-20,348.50,354.30,339.15,344.45,6266900,334.6226
2015-04-17,336.75,352.20,335.15,346.00,6980700,336.1284
2015-04-16,338.40,343.35,333.55,337.70,3770700,328.0652
2015-04-15,345.00,345.20,336.20,337.65,3199900,328.0166
2015-04-14,345.20,345.20,345.20,345.20,000,335.3512
2015-04-13,344.25,348.25,341.10,345.20,3442800,335.3512
2015-04-10,345.70,349.00,341.25,342.70,4816200,332.9226
2015-04-09,337.50,347.40,337.00,346.05,6151500,336.177
2015-04-08,336.10,338.90,328.60,336.10,6284700,326.5109
2015-04-07,320.30,335.20,317.00,333.50,7293700,323.985
2015-04-06,324.40,325.60,316.60,318.10,3669600,309.0244
2015-04-03,323.65,323.65,323.65,323.65,000,314.416
2015-04-02,323.65,323.65,323.65,323.65,000,314.416
2015-04-01,317.00,324.90,316.00,323.65,3086000,314.416
2015-03-31,326.30,326.40,315.20,316.75,3934800,307.7129
2015-03-30,318.00,324.90,315.15,322.40,2990500,313.2017
2015-03-27,317.40,319.35,311.20,315.10,4019200,306.11
2015-03-26,323.00,324.95,314.00,315.60,6516900,306.5957
2015-03-25,328.00,328.95,322.00,323.15,3544700,313.9303
2015-03-24,330.10,333.90,324.25,327.15,4453700,317.8162
2015-03-23,330.45,335.00,328.60,331.40,3580300,321.9449
2015-03-20,336.60,341.40,327.00,328.70,5776100,319.322
2015-03-19,334.25,344.80,333.65,336.60,6148700,326.9966
2015-03-18,335.70,335.70,329.35,331.75,3099600,322.285
2015-03-17,330.00,336.45,327.10,332.55,4329000,323.0621
2015-03-16,328.85,328.85,323.10,326.20,2777100,316.8933
2015-03-13,336.00,336.45,325.00,326.50,3279600,317.1847
2015-03-12,327.70,336.40,327.45,333.20,4324500,323.6936
2015-03-11,333.00,335.00,324.25,325.30,4682200,316.019
2015-03-10,338.15,339.00,330.05,331.60,4091800,322.1392
2015-03-09,343.25,343.70,335.00,336.30,4368700,326.7051
2015-03-06,343.25,343.25,343.25,343.25,000,333.4569
2015-03-05,348.50,349.20,341.25,343.25,4770100,333.4569
2015-03-04,356.00,357.15,345.60,348.15,4673300,338.217
2015-03-03,353.00,357.85,349.50,353.15,5121100,343.0744
2015-03-02,357.40,359.20,349.00,352.55,4380300,342.4915
2015-02-27,347.45,354.70,345.80,350.65,5014600,340.6457
2015-02-26,352.30,354.90,344.25,345.20,8064300,335.3512
2015-02-25,362.80,364.80,350.10,350.90,3932300,340.8886
2015-02-24,368.10,370.00,357.20,359.10,3288100,348.8546
2015-02-23,376.50,376.90,365.00,367.35,3085100,356.8693
2015-02-20,378.00,381.85,373.00,374.70,3442400,364.0096
2015-02-19,368.00,379.80,368.00,375.25,7752600,364.5439
2015-02-18,371.95,371.95,364.70,367.50,3232600,357.015
2015-02-17,369.80,369.80,369.80,369.80,000,359.2494
2015-02-16,368.75,374.45,368.35,369.80,2991300,359.2494
2015-02-13,368.70,371.80,365.25,366.55,3736400,356.0921
2015-02-12,366.20,367.40,356.00,365.30,3415600,354.8777
2015-02-11,360.00,368.70,353.00,365.00,3956600,354.5863
2015-02-10,345.00,360.00,345.00,357.75,5281200,347.5432
2015-02-09,357.00,361.50,346.20,347.45,7535700,337.537
2015-02-06,380.00,380.70,367.00,368.65,4519400,358.1322
2015-02-05,391.70,392.80,378.05,379.25,3102100,368.4297
2015-02-04,383.90,393.40,383.00,389.20,4420500,378.0959
2015-02-03,387.00,387.45,378.10,381.10,3443600,370.227
2015-02-02,389.90,394.80,382.20,383.85,3179000,372.8985
2015-01-30,392.50,395.00,386.50,390.45,3600800,379.3102
2015-01-29,390.30,392.40,383.70,390.40,5162900,379.2616
2015-01-28,397.00,397.00,388.90,391.15,3995400,379.9902
2015-01-27,402.80,404.00,395.50,398.40,3972300,387.0334
2015-01-26,403.10,403.10,403.10,403.10,000,391.5993
2015-01-23,410.00,412.00,399.00,403.10,4526500,391.5993
2015-01-22,398.00,404.70,396.00,403.40,4527700,391.8907
2015-01-21,405.00,406.00,393.50,397.10,3897700,385.7705
2015-01-20,385.60,403.60,385.60,402.00,6017800,390.5307
2015-01-19,384.60,386.90,380.55,384.75,2789800,373.7728
2015-01-16,382.00,385.50,376.30,383.40,4538500,372.4613
2015-01-15,378.80,388.70,372.10,384.75,7011300,373.7728
2015-01-14,391.45,391.45,375.50,376.85,7129500,366.0982
2015-01-13,397.00,398.85,390.20,391.50,3002700,380.3302
2015-01-12,399.50,399.50,393.00,396.75,2690900,385.4305
2015-01-09,402.00,404.90,395.10,399.65,5061000,388.2477
2015-01-08,394.00,396.70,390.60,394.95,3169900,383.6818
2015-01-07,397.80,397.80,383.60,388.90,4749000,377.8044
2015-01-06,414.00,414.00,394.35,396.50,6170600,385.1876
2015-01-05,413.00,421.45,413.00,416.70,5205600,404.8113
2015-01-02,406.00,413.00,406.00,410.75,3433900,399.031
2015-01-01,397.10,406.00,397.10,404.45,2531400,392.9108
2014-12-31,397.00,401.75,395.55,399.40,2252900,388.0048
2014-12-30,404.40,405.90,395.25,396.30,2899000,384.9933
2014-12-29,399.20,410.55,399.00,404.10,4077400,392.5708
2014-12-26,396.05,399.70,390.10,398.25,3020700,386.8877
2014-12-25,395.25,395.25,395.25,395.25,000,383.9733
2014-12-24,391.25,399.70,391.10,395.25,7351500,383.9733
2014-12-23,405.10,406.60,392.70,394.80,3784000,383.5361
2014-12-22,406.45,409.60,398.70,404.05,3254300,392.5222
2014-12-19,405.60,411.10,403.00,405.45,4630300,393.8823
2014-12-18,401.05,405.90,399.50,401.60,4410200,390.1421
2014-12-17,394.00,404.90,387.05,393.45,8016500,382.2246
2014-12-16,397.00,402.80,387.00,389.65,5771800,378.533
2014-12-15,399.00,408.35,396.00,400.95,4797600,389.5106
2014-12-12,420.00,422.90,400.05,402.70,6523200,391.2107
2014-12-11,431.00,435.00,416.95,418.75,5271600,406.8028
2014-12-10,432.40,443.00,427.60,432.50,4734200,420.1605
2014-12-09,451.40,451.40,435.05,436.30,4066900,423.8521
2014-12-08,464.00,466.00,450.45,451.85,3055800,438.9584
2014-12-05,463.50,468.70,459.50,461.15,3067600,447.9931
2014-12-04,464.15,467.45,456.70,461.85,3321500,448.6731
2014-12-03,467.40,469.65,462.00,463.75,2806900,450.5189
2014-12-02,461.00,467.45,460.20,465.20,3097100,451.9276
2014-12-01,475.00,475.00,459.15,461.15,3075100,447.9931
2014-11-28,461.50,475.25,461.50,473.35,4827000,459.845
2014-11-27,465.00,469.00,459.10,460.20,4178100,447.0702
2014-11-26,465.00,468.90,460.45,466.25,3539200,452.9476
2014-11-25,475.05,476.00,458.50,464.45,4366100,451.1989
2014-11-24,473.00,479.80,470.50,476.60,4342500,463.0023
2014-11-21,467.00,472.50,460.10,462.90,3989600,449.6932
2014-11-20,471.95,472.80,462.05,466.60,3871600,453.2876
2014-11-19,486.10,492.75,469.30,471.00,4475200,457.5621
2014-11-18,480.00,489.20,476.75,486.40,3986400,472.5227
2014-11-17,476.15,482.95,475.10,480.10,2378600,466.4024
2014-11-14,467.00,482.60,467.00,478.15,6889300,464.5081
2014-11-13,465.10,475.50,462.15,471.25,5923600,457.8049
2014-11-12,480.00,482.70,465.65,468.35,6348500,454.9877
2014-11-11,473.20,481.50,471.55,480.30,4572300,466.5967
2014-11-10,474.65,476.00,462.50,470.85,4461800,457.4163
2014-11-07,479.00,486.80,470.60,471.40,3873300,457.9506
2014-11-06,478.10,478.10,478.10,478.10,000,464.4595
2014-11-05,491.00,492.40,477.00,478.10,3431900,464.4595
2014-11-04,489.15,489.15,489.15,489.15,000,475.1942
2014-11-03,492.00,494.90,485.45,489.15,3754300,475.1942
2014-10-31,478.00,493.50,474.60,490.00,5848300,476.02
2014-10-30,472.00,477.45,468.40,474.50,4615500,460.9622
2014-10-29,454.10,472.90,453.75,471.70,6867600,458.2421
2014-10-28,450.10,453.65,446.60,451.20,4005300,438.327
2014-10-27,460.50,461.80,449.05,450.50,3738900,437.6469
2014-10-24,459.10,459.10,459.10,459.10,000,446.0016
2014-10-23,461.05,461.05,458.05,459.10,663300,446.0016
2014-10-22,461.00,462.85,454.30,457.15,4022100,444.1072
2014-10-21,454.00,462.20,452.25,455.70,5314200,442.6986
2014-10-20,455.05,457.35,446.35,450.15,4360600,437.3069
2014-10-17,443.60,453.90,436.55,447.55,6709200,434.7811
2014-10-16,460.80,467.60,436.00,439.10,8266400,426.5722
2014-10-15,456.05,456.05,456.05,456.05,000,443.0386
2014-10-14,458.10,462.00,440.85,456.05,5823600,443.0386
2014-10-13,443.80,459.80,440.15,457.75,3732700,444.6901
2014-10-10,459.95,460.00,446.15,448.05,4936100,435.2668
2014-10-09,460.10,469.45,457.15,467.55,4973900,454.2105
2014-10-08,437.50,457.80,435.60,456.15,6706100,443.1357
2014-10-07,446.75,453.00,438.10,440.15,7729800,427.5922
2014-10-06,448.80,448.80,448.80,448.80,000,435.9954
2014-10-03,448.80,448.80,448.80,448.80,000,435.9954
2014-10-02,448.80,448.80,448.80,448.80,000,435.9954
2014-10-01,455.50,457.40,445.50,448.80,4770300,435.9954
2014-09-30,466.60,472.95,456.10,459.05,4552000,445.953
2014-09-29,474.35,480.30,464.65,466.40,3122100,453.0933
2014-09-26,460.00,477.00,458.45,474.25,4005900,460.7193
2014-09-25,473.00,477.25,451.65,460.40,6148700,447.2645
2014-09-24,484.00,486.45,468.65,472.20,6981700,458.7278
2014-09-23,500.00,501.80,483.65,485.60,3985600,471.7455
2014-09-22,505.00,506.30,498.35,500.90,3361500,486.609
2014-09-19,509.20,512.90,505.15,511.00,4970700,496.4208
2014-09-18,496.10,509.50,496.10,505.45,4870400,491.0292
2014-09-17,493.00,501.00,485.65,498.40,5244400,484.1803
2014-09-16,507.75,508.80,486.55,490.15,5445700,476.1657
2014-09-15,513.00,514.00,504.65,507.70,3898600,493.215
2014-09-12,517.60,521.35,514.55,515.95,4400100,501.2296
2014-09-11,521.00,524.80,515.00,517.60,4257400,502.8325
2014-09-10,515.00,522.95,513.50,519.20,3836000,504.3869
2014-09-09,513.00,520.50,510.15,518.65,3177200,503.8526
2014-09-08,515.10,519.95,510.60,517.45,3783100,502.6868
2014-09-05,509.55,516.00,506.10,513.40,4391100,498.7524
2014-09-04,524.65,528.45,504.70,509.05,5587400,494.5265
2014-09-03,521.10,530.70,520.75,526.00,5405600,510.9929
2014-09-02,524.10,526.90,517.85,519.20,3684600,504.3869
2014-09-01,516.85,526.50,512.05,524.10,5345500,509.1471
2014-08-29,513.15,513.15,513.15,513.15,000,498.5095
2014-08-28,522.75,527.00,512.30,513.15,4260100,498.5095
2014-08-27,528.00,531.90,519.65,523.20,3090500,508.2728
2014-08-26,513.45,528.45,512.10,524.95,6832600,509.9728
2014-08-25,537.70,540.00,509.75,512.00,5682400,497.3923
2014-08-22,538.75,542.35,534.45,537.75,2916300,522.4076
2014-08-21,540.00,541.90,533.30,536.60,4381500,521.2904
2014-08-20,543.80,551.95,541.60,545.55,4452300,529.9851
2014-08-19,549.05,554.00,542.20,544.10,4449500,528.5764
2014-08-18,538.05,548.90,537.50,546.45,4670200,530.8594
2014-08-15,541.70,541.70,541.70,541.70,000,526.245
2014-08-14,533.60,545.90,525.10,541.70,8553900,526.245
2014-08-13,541.90,542.00,528.70,534.50,5206500,519.2504
2014-08-12,537.00,547.00,533.10,542.05,5830400,526.5849
2014-08-11,544.40,545.85,529.20,534.75,4825600,519.4932
2014-08-08,552.20,552.20,535.40,537.70,5641100,522.3591
2014-08-07,551.15,562.40,551.00,555.80,6452100,539.9426
2014-08-06,562.10,568.80,548.95,550.50,4482800,534.7939
2014-08-05,554.10,566.00,545.00,562.20,5498600,546.1601
2014-08-04,551.35,557.00,543.85,551.85,5526600,536.1053
2014-08-01,548.00,565.90,544.50,548.75,6545300,533.0938
2014-07-31,546.50,562.25,543.05,553.40,5681300,537.6112
2014-07-30,551.00,551.95,537.40,546.10,6195000,530.5194
2014-07-29,548.50,548.50,548.50,548.50,000,532.8509
2014-07-28,560.10,564.40,544.25,548.50,5045800,532.8509
2014-07-25,570.00,574.35,552.00,557.60,5900800,541.6913
2014-07-24,557.00,571.40,553.15,568.10,6388500,551.8917
2014-07-23,565.50,565.95,550.55,554.55,4219800,538.7283
2014-07-22,567.00,569.25,555.40,562.20,4024500,546.1601
2014-07-21,564.00,571.90,560.15,562.70,4389800,546.6458
2014-07-18,556.00,568.50,549.20,563.00,7295300,546.9372
2014-07-17,543.00,560.00,540.25,558.80,7026500,542.8571
2014-07-16,531.50,546.00,525.50,542.70,4408600,527.2164
2014-07-15,518.80,530.00,514.40,527.15,4448800,512.1101
2014-07-14,496.80,517.40,492.25,513.40,7659500,498.7524
2014-07-11,520.00,524.25,499.25,501.90,6094400,477.8658
2014-07-10,520.00,537.85,510.05,521.40,6831300,496.432
2014-07-09,516.00,526.75,511.15,518.35,5187700,493.528
2014-07-08,538.00,539.70,510.00,513.55,3622100,488.9579
2014-07-07,537.10,542.90,533.60,536.05,2544100,510.3804
2014-07-04,545.00,545.00,531.20,536.60,3637700,510.9041
2014-07-03,547.20,549.50,537.25,539.05,3397600,513.2368
2014-07-02,547.00,549.90,542.50,543.50,3252700,517.4737
2014-07-01,530.00,545.30,530.00,540.65,5312600,514.7602
2014-06-30,521.40,530.60,519.75,528.40,3769900,503.0968
2014-06-27,528.70,531.00,517.00,518.90,3205100,494.0517
2014-06-26,532.00,536.50,523.80,525.80,3283900,500.6213
2014-06-25,533.10,538.00,530.10,530.95,2299700,505.5247
2014-06-24,527.50,535.90,527.45,532.30,3021700,506.81
2014-06-23,520.90,528.60,520.50,526.90,3404000,501.6686
2014-06-20,519.00,534.50,517.80,519.90,5468000,495.0038
2014-06-19,525.00,526.40,515.00,519.45,4081800,494.5754
2014-06-18,536.10,539.85,518.00,521.90,5615300,496.9081
2014-06-17,525.00,534.20,513.00,532.30,6667700,506.81
2014-06-16,524.70,529.30,512.00,524.60,6975000,499.4787
2014-06-13,548.55,553.25,523.95,525.55,4332900,500.3832
2014-06-12,549.00,557.95,543.60,549.65,3718700,523.3292
2014-06-11,559.90,565.80,545.10,549.45,5170600,523.1388
2014-06-10,575.00,575.00,552.45,558.70,5590600,531.9458
2014-06-09,565.00,579.90,560.00,575.25,5898500,547.7033
2014-06-06,564.50,568.75,552.30,560.65,7566500,533.8025
2014-06-05,539.80,560.75,538.05,556.95,9141800,530.2796
2014-06-04,527.25,543.40,525.10,537.40,10741500,511.6658
2014-06-03,497.50,528.35,496.00,526.80,12511700,501.5734
2014-06-02,475.80,495.60,471.45,492.90,5557000,469.2967
2014-05-30,467.00,477.00,463.00,475.10,5197100,452.3491
2014-05-29,471.00,474.50,463.40,465.95,4274200,443.6373
2014-05-28,480.20,483.50,467.00,469.25,3815400,446.7793
2014-05-27,466.35,478.95,461.55,477.60,4750500,454.7294
2014-05-26,482.10,495.00,452.60,467.65,7759600,445.2559
2014-05-23,472.00,483.00,469.35,478.20,5694300,455.3007
2014-05-22,465.00,477.80,464.95,470.90,5816300,448.3502
2014-05-21,467.95,470.35,457.20,462.55,5486700,440.4001
2014-05-20,453.50,474.35,453.50,467.15,9099200,444.7798
2014-05-19,445.00,460.25,435.60,450.75,10968700,429.1652
