1998-06-23,70.127,72.3074,69.243,70.9225,2506400,23.4181
1998-06-22,72.2485,72.4547,67.7698,71.5118,2161900,23.6126
1998-06-19,75.4896,75.4896,73.1324,73.545,1613600,24.284
1998-06-18,80.1451,80.8523,76.0789,76.6093,1726800,25.2958
1998-06-17,75.4896,80.4398,75.4896,79.9094,2973700,26.3855
1998-06-16,75.4896,75.9611,71.4235,74.6646,3953600,24.6537
1998-06-15,81.3827,81.3827,76.1968,76.4031,3692200,25.2277
1998-06-12,80.3809,83.622,80.3809,82.1488,5020700,27.1249
1998-06-11,79.2612,80.5871,77.2576,79.8505,4263200,26.366
1998-06-10,84.8596,85.7435,78.9665,80.646,5070900,26.6287
1998-06-09,86.0382,86.6275,83.2684,84.6533,4413900,27.9519
1998-06-08,88.3364,89.574,81.3237,85.0069,6259100,28.0686
1998-06-05,92.5499,92.6973,86.6275,87.5409,6515300,28.9053
1998-06-04,94.8188,95.8795,92.5794,92.8446,7223200,30.6566
1998-06-03,91.3419,94.8188,89.6624,94.0821,8786100,31.0652
1998-06-02,88.8963,93.0509,87.8945,89.1615,9797000,29.4404
1998-06-01,90.4874,94.3473,86.6275,89.0436,12805900,29.4015
1998-05-29,81.6184,88.9552,80.7344,88.8668,14561800,29.3431
1998-05-28,83.7693,84.8596,80.4987,80.8818,3941800,26.7065
1998-05-27,86.0382,86.7748,84.3292,84.7417,2974100,27.9811
1998-05-26,87.2462,87.6882,84.6238,85.1247,7356400,28.1075
1998-05-25,88.5132,89.0141,87.3052,87.5998,3499500,28.9248
1998-05-22,89.574,89.8097,88.4543,89.132,2788200,29.4307
1998-05-21,91.4892,91.7839,88.5427,89.4267,3467600,29.528
1998-05-20,91.8428,92.1964,90.4874,91.4303,3162100,30.1896
1998-05-19,90.1633,91.9312,89.8686,91.6955,4862700,30.2771
1998-05-18,89.7213,91.0178,89.2793,90.016,3029000,29.7226
1998-05-15,90.6936,91.0472,88.4248,88.8373,3072600,29.3334
1998-05-14,87.8061,90.2811,86.1855,89.7508,5052200,29.635
1998-05-13,89.7508,90.4285,86.0971,86.9221,4899600,28.701
1998-05-12,92.4615,92.4615,89.2793,90.4579,4442700,29.8685
1998-05-11,92.2258,92.7562,91.6365,92.5205,1795400,30.5496
1998-05-08,91.0472,92.8151,90.3401,92.0196,3915300,30.3842
1998-05-06,94.2884,94.4947,91.4597,91.8428,4009500,30.3258
1998-05-05,91.9312,94.2589,91.4892,94.0232,5957800,31.0457
1998-05-04,90.1633,92.2848,89.6329,91.8133,4212100,28.9953
1998-04-30,89.515,89.8686,88.6016,89.515,2583600,28.2695
1998-04-29,90.7526,91.8723,89.1615,89.3972,3691100,28.2323
1998-04-28,87.2168,87.8061,85.6846,86.156,3239600,27.2087
1998-04-27,90.1633,90.1633,87.1284,87.6587,3439900,27.6832
1998-04-24,91.4008,91.5187,88.1597,89.9865,3213200,28.4184
1998-04-23,94.642,95.4081,90.782,91.2535,4011400,28.8185
1998-04-22,97.176,103.717,95.1723,95.467,3685800,30.1491
1998-04-21,95.4965,96.2036,94.4357,94.9072,2965200,29.9724
1998-04-20,96.5277,97.3528,95.1723,95.4965,2644200,30.1585
1998-04-17,95.1723,96.351,95.1723,96.1742,2243500,30.3725
1998-04-16,96.6456,97.4706,95.1723,95.8206,3391800,30.2608
1998-04-15,95.5259,97.6474,95.5259,97.0581,3142600,30.6516
1998-04-13,94.9366,95.467,93.1687,93.6402,4429300,29.5722
1998-04-10,96.3215,97.6474,95.7617,95.9974,4539800,30.3166
1998-04-09,97.8242,98.5903,95.6143,96.5572,5804400,30.4934
1998-04-07,98.9439,98.9439,95.7617,96.5867,5235200,30.5027
1998-04-06,92.5205,98.8849,92.5205,97.5885,11295300,30.8191
1998-04-03,90.2222,92.5205,90.2222,92.1669,6157100,29.1069
1998-04-02,89.574,91.8723,89.4267,90.3695,6068700,28.5393
1998-04-01,88.0418,89.8392,87.8061,89.6329,3053800,28.3067
1998-03-31,87.5703,88.2186,86.0676,86.8043,4097600,27.4134
1998-03-30,90.3106,91.0472,87.5114,87.8061,4344700,27.7298
1998-03-27,88.3954,90.1633,87.6587,89.8686,4478200,28.3811
1998-03-26,90.8704,91.9312,88.4248,88.8373,4480200,28.0554
1998-03-25,90.1633,91.6365,89.574,90.9588,3932600,28.7254
1998-03-24,91.224,91.9017,89.0436,89.3677,6532700,28.2229
1998-03-23,88.9847,90.1043,88.3954,89.574,2043000,28.2881
1998-03-20,85.7435,88.9257,84.9774,88.1597,8342200,27.8414
1998-03-19,87.1284,87.8061,85.4489,86.2739,4854900,27.2459
1998-03-18,85.9498,87.8061,85.0363,86.6275,9532000,27.3576
1998-03-17,81.088,85.4194,80.6166,84.4176,5647700,26.6597
1998-03-16,80.6755,83.7399,80.6755,81.8541,3791000,25.8501
1998-03-12,79.3496,81.0291,79.3496,79.9978,2849000,25.2639
1998-03-11,83.6809,85.714,78.9665,80.2335,4309100,25.3383
1998-03-10,80.7344,84.506,80.2925,81.7068,5773300,25.8036
1998-03-09,80.2925,80.8818,79.3201,80.646,2655500,25.4686
1998-03-06,78.9665,80.1157,78.5246,79.2612,2106800,25.0312
1998-03-05,79.9978,81.3237,78.6719,79.4085,2592800,25.0778
1998-03-04,78.0826,80.9996,77.6406,80.263,3651200,25.3476
1998-03-03,80.7934,81.6184,76.2557,77.4933,3038200,24.4729
1998-03-02,78.6719,81.8247,78.6719,81.4711,5323100,25.7291
1998-02-27,74.8414,78.8781,74.7235,78.0236,6568100,24.6404
1998-02-26,74.311,74.9887,73.3682,74.4289,2514400,23.5052
1998-02-25,72.6315,74.3994,72.5431,74.0164,2293300,23.3749
1998-02-24,72.3074,72.5431,71.7476,71.9244,1442800,22.7142
1998-02-23,71.2761,72.1896,71.2467,72.0128,998100,22.7421
1998-02-20,72.0422,72.4253,71.0404,71.2172,1421000,22.4909
1998-02-19,71.836,72.5431,71.7476,71.9833,887900,22.7328
1998-02-18,72.661,72.8378,71.6003,71.7476,1353200,22.6584
1998-02-17,72.4253,73.3682,72.0422,72.219,1531200,22.8073
1998-02-13,70.8342,72.3958,70.8342,72.1012,1630000,22.7701
1998-02-12,70.7163,71.3056,70.3038,71.0109,1011800,22.4257
1998-02-11,71.3645,72.1012,70.1859,70.8931,1664500,22.3885
1998-02-10,71.9833,72.1896,71.3056,71.4529,1698700,22.5653
1998-02-09,73.1619,73.1619,71.6886,72.3958,1756900,22.8631
1998-02-06,73.928,73.9575,73.1619,73.3092,1029400,23.1516
1998-02-05,73.3682,74.1342,73.2503,73.5744,1026600,23.2353
1998-02-04,74.753,75.195,72.9556,73.3092,2253900,23.1516
1998-02-03,74.6941,74.753,73.6628,73.8985,1429900,23.3377
1998-02-02,74.753,75.3718,73.8396,74.6941,1665000,23.5889
1998-01-30,72.8378,74.5468,72.6905,74.3994,2659800,23.4958
1998-01-29,71.7181,72.7788,71.3645,72.4547,1697100,22.8817
1998-01-28,72.2485,73.3682,71.4824,72.0717,2410300,22.7607
1998-01-27,73.6628,74.1342,72.0422,72.4842,2963000,22.891
1998-01-23,74.311,74.8414,73.7217,73.928,1802100,23.347
1998-01-22,75.8432,75.9316,74.311,74.5468,2895000,23.5424
1998-01-21,75.9316,77.7585,75.4896,77.1102,3149900,24.3519
1998-01-20,77.0513,77.9647,75.4896,75.9022,3237100,23.9704
1998-01-19,74.3405,77.1692,73.7217,76.2557,3358300,24.0821
1998-01-16,73.6923,75.2539,72.9556,74.6941,3158900,23.5889
1998-01-15,72.6315,73.928,71.6886,73.5155,3334300,23.2167
1998-01-14,75.1361,75.6664,72.6021,73.103,3730000,23.0864
1998-01-13,73.6923,75.4307,73.1324,73.486,3906700,23.2074
1998-01-12,75.7548,76.02,72.2485,73.1619,5207500,23.105
1998-01-09,79.1139,79.1139,76.4325,77.0218,3765700,24.324
1998-01-08,81.9425,81.9425,79.3201,79.6442,3351700,25.1522
1998-01-07,83.0917,83.8283,81.3827,82.4729,2655500,26.0455
1998-01-06,83.622,83.622,81.6184,82.2961,2795500,25.9897
1998-01-05,83.9167,84.8006,83.1506,83.5926,3603900,26.3991
1998-01-02,80.4103,83.6515,80.4103,83.1506,6814100,26.2595
1998-01-01,79.6148,80.4103,78.7308,79.9094,1260600,25.2359
1997-12-31,79.821,81.088,79.0255,79.9683,1970300,25.2545
1997-12-30,80.5871,80.9407,78.7013,79.2317,2931600,25.0219
1997-12-29,78.3183,80.7344,78.112,80.3809,3219900,25.3848
1997-12-26,76.6093,78.3183,76.6093,77.9352,1610000,24.6125
1997-12-24,75.1655,77.1102,75.1655,76.6683,1922400,24.2124
1997-12-23,76.904,78.5246,76.904,77.7879,2921300,24.566
1997-12-22,76.02,76.904,75.8727,76.6683,1700900,24.2124
1997-12-19,74.8414,75.9905,74.37,75.6959,1529300,23.9053
1997-12-18,75.578,77.1986,74.5762,75.0477,3525800,23.7006
1997-12-17,77.729,77.729,75.0182,75.7548,1732400,23.9239
1997-12-16,74.9887,76.4325,73.7807,75.8138,3748400,23.9425
1997-12-15,71.8949,75.1066,71.8949,74.9003,4564200,23.654
1997-12-12,72.1896,74.0164,70.569,72.1601,4026300,22.7887
1997-12-11,69.5377,71.8949,68.6537,71.3351,4165600,22.5281
1997-12-10,71.6592,71.6592,68.7127,69.5966,2967800,21.9791
1997-12-09,72.4842,73.3682,69.9207,70.7458,2907500,22.342
1997-12-08,72.6315,73.1619,71.6592,72.3074,2126000,22.8352
1997-12-05,73.8101,75.4307,72.1896,73.0146,2983800,23.0585
1997-12-04,75.0477,76.6093,72.219,74.4289,2115300,23.5052
1997-12-03,76.02,76.5504,74.9003,75.7548,1196900,23.9239
1997-12-02,76.7272,76.8156,75.3718,75.9316,1941200,23.9797
1997-12-01,75.8432,76.8156,75.1655,76.6093,2027200,24.1937
1997-11-28,78.7013,79.0255,75.8727,76.6388,3639600,24.2031
1997-11-27,76.6683,79.8505,76.6683,79.5853,3101200,25.1336
1997-11-26,78.3772,79.5558,77.4343,77.7585,1866300,24.5567
1997-11-25,75.1361,78.3183,72.2779,77.5522,4217600,24.4915
1997-11-24,81.0585,81.0585,75.5486,75.5486,4038800,23.8588
1997-11-21,86.156,86.156,81.0585,81.2353,5760200,25.6547
1997-11-20,86.6569,88.1007,84.3292,87.1578,1797700,27.525
1997-11-19,88.4543,88.9257,86.4212,87.6587,2204700,27.6832
1997-11-18,90.6052,90.7526,89.0436,89.6918,2197900,28.3253
1997-11-17,88.5427,91.283,88.4543,90.841,1331900,28.6882
1997-11-13,92.8446,93.1098,90.2222,90.8999,2769200,28.7068
1997-11-12,94.8777,95.3197,92.8446,93.1687,2336800,29.4233
1997-11-11,95.1429,95.7027,94.4947,94.9072,2049000,29.9724
1997-11-10,95.1723,95.7617,94.8777,94.9661,1661600,29.991
1997-11-07,96.0563,96.4099,94.8777,95.7617,2701400,30.2422
1997-11-06,95.4965,95.909,94.0232,95.7027,2515600,30.2236
1997-11-05,94.2884,96.4688,93.2866,95.5554,3480600,30.1771
1997-11-04,94.2884,95.025,93.5518,94.3473,2340100,29.7955
1997-11-03,95.4081,97.0581,92.8151,94.5536,2179800,29.8607
1997-10-30,96.5277,96.7929,91.9312,94.7598,1738400,29.9258
1997-10-29,88.4838,98.4135,88.4838,96.5867,6024600,30.5027
1997-10-28,99.0912,99.0912,89.6329,89.8981,5621000,28.3904
1997-10-27,99.1796,100.181,98.4135,99.5921,2354000,31.4519
1997-10-24,101.36,101.507,98.8849,99.7689,3542500,31.5077
1997-10-23,104.012,104.601,100.889,101.89,3833600,32.1776
1997-10-22,106.074,106.605,103.599,103.894,3213600,32.8104
1997-10-21,108.432,108.726,103.717,104.896,5151900,33.1269
1997-10-20,109.139,109.905,106.664,108.432,4875200,34.2436
1997-10-17,110.347,110.936,109.316,109.699,5335000,34.6437
1997-10-16,110.759,111.82,108.756,110.111,6508000,34.7738
1997-10-15,105.632,110.082,105.632,109.257,8974300,34.5041
1997-10-14,103.128,107.459,102.686,103.894,5885700,32.8104
1997-10-13,105.19,107.548,102.833,103.187,4936600,32.5872
1997-10-10,102.008,104.807,101.89,104.159,5672200,32.8941
1997-10-09,100.771,101.949,100.564,101.802,2013300,32.1498
1997-10-01,102.362,102.362,99.7394,100.948,4010900,31.8801
1997-09-30,102.833,102.863,101.419,101.802,2291200,32.1498
1997-09-29,102.833,104.248,102.303,102.981,2416500,32.5221
1997-09-26,102.922,103.423,101.949,102.067,2076100,32.2335
1997-09-25,101.36,102.833,101.272,102.539,1948900,32.3825
1997-09-24,102.539,106.516,101.743,101.92,2627400,32.187
1997-09-23,100.27,101.949,100.27,100.771,2992600,31.8242
1997-09-22,103.128,103.423,101.183,101.389,2173300,32.0193
1997-09-19,104.925,105.898,104.012,104.159,2869100,32.8941
1997-09-18,106.664,106.664,104.896,105.485,4224100,33.3129
1997-09-17,107.842,109.433,107.754,108.52,2337800,34.2714
1997-09-16,107.901,108.638,106.664,107.076,3888100,33.8153
1997-09-15,107.548,107.96,107.253,107.666,1545300,34.0017
1997-09-12,108.166,108.579,106.958,107.40,3222800,33.9177
1997-09-11,109.905,110.406,108.785,109.139,2382800,34.4668
1997-09-10,110.435,110.789,109.109,109.463,4186100,34.5692
1997-09-09,109.905,112.292,109.787,111.084,8823800,35.0811
1997-09-08,108.432,109.168,107.43,108.962,2629300,34.411
1997-09-05,108.373,109.522,107.695,109.021,4669500,34.4296
1997-09-04,108.726,109.316,106.163,107.636,4161100,33.9922
1997-09-03,110.20,110.494,108.137,108.844,4752900,34.3737
1997-09-02,107.548,109.875,105.927,108.815,5512400,34.3645
1997-09-01,107.106,108.432,106.016,107.636,3189000,33.9922
1997-08-29,109.728,109.728,105.367,106.222,6984200,33.5456
1997-08-28,112.616,113.028,110.023,110.347,5117000,34.8483
1997-08-27,114.325,115.71,112.91,113.264,6310800,35.7696
1997-08-26,111.084,112.851,110.494,111.525,8488800,35.2204
1997-08-25,112.262,112.851,108.137,111.113,6143600,35.0903
1997-08-22,115.238,115.857,113.323,113.618,5610600,35.8813
1997-08-21,121.544,121.838,115.268,115.739,11322500,36.5512
1997-08-20,119.186,121.337,119.039,120.984,4530200,38.2076
1997-08-19,119.776,122.428,119.069,119.511,10114800,37.7424
1997-08-18,120.365,120.63,118.45,119.628,3555000,37.7793
1997-08-14,122.545,122.545,120.719,121.19,5752300,38.2726
1997-08-13,122.604,123.636,121.544,122.428,5216400,38.6636
1997-08-12,126.582,128.35,121.986,123.017,11110500,38.8496
1997-08-11,125.521,125.934,124.107,125.551,4964000,39.6499
1997-08-08,128.026,128.674,125.521,125.993,9048400,39.7895
1997-08-07,130.796,132.239,127.82,128.939,9067500,40.7198
1997-08-06,133.182,135.54,130.943,134.656,3666700,42.5253
1997-08-05,130.236,131.562,128.527,130.059,10526000,41.0735
1997-08-04,128.998,132.269,128.026,130.147,14162500,41.1013
1997-08-01,129.529,129.588,127.613,128.704,8600500,40.6456
1997-07-31,129.794,130.53,127.879,130.059,13169500,41.0735
1997-07-30,126.111,129.293,125.875,128.203,15714500,40.4874
1997-07-29,124.343,126.081,122.693,125.993,10801500,39.7895
1997-07-28,125.816,126.641,124.107,124.932,7950500,39.4544
1997-07-25,125.521,126.553,123.754,125.197,13147900,39.5381
1997-07-24,127.348,128.645,124.991,126.229,14800100,39.864
1997-07-23,124.932,128.144,124.137,127.466,18102000,40.2546
1997-07-22,119.599,123.754,119.393,122.133,8672100,38.5704
1997-07-21,119.039,120.218,117.271,119.01,6921700,37.5842
1997-07-17,121.367,123.606,120.66,122.958,6779000,38.831
1997-07-16,125.846,126.70,121.691,122.28,8490900,38.6169
1997-07-15,122.339,124.343,120.836,122.604,10050100,38.7192
1997-07-14,125.227,125.963,118.774,120.365,11557300,38.0121
1997-07-11,126.847,127.849,125.669,126.258,9765400,39.8731
1997-07-10,131.709,132.269,127.613,128.586,15110400,40.6083
1997-07-09,127.437,131.414,125.904,130.354,19085000,41.1667
1997-07-08,125.227,125.816,121.603,122.987,18192100,38.8401
1997-07-07,128.645,130.383,125.521,125.904,23617100,39.7614
1997-07-04,130.855,132.505,128.615,129.912,25602800,41.0271
1997-07-03,126.936,130.118,125.315,128.085,32101100,40.4501
1997-07-02,121.691,125.904,120.512,124.814,20204200,39.4171
1997-07-01,113.441,117.654,113.205,117.654,10800400,37.1559
1997-06-30,107.253,110.347,107.253,109.934,4908200,34.7179
1997-06-27,109.934,110.465,107.548,108.019,5286500,34.1131
1997-06-26,111.967,113.146,108.874,110.258,6466700,34.8202
1997-06-25,113.47,113.883,110.848,111.142,4333500,35.0994
1997-06-24,113.058,113.382,110.524,111.201,10731500,35.118
1997-06-23,114.943,115.503,112.321,112.763,7045900,35.6113
1997-06-20,116.682,117.477,113.441,114.413,10578900,36.1324
1997-06-19,114.325,117.684,113.735,116.122,12578900,36.6721
1997-06-18,112.851,116.859,111.437,115.562,19809000,36.4953
1997-06-17,107.224,111.967,106.782,109.375,6843000,34.5414
1997-06-16,107.548,109.463,105.603,106.045,5724000,33.4897
1997-06-13,105.544,109.875,105.544,107.518,9464500,33.9549
1997-06-12,104.307,105.308,103.806,104.984,4713100,33.1547
1997-06-11,101.655,105.102,101.655,103.865,9404500,32.8013
1997-06-10,99.6216,101.714,99.6216,100.682,8669000,31.7961
1997-06-09,101.301,101.36,99.651,99.7984,5399600,31.517
1997-06-06,103.128,103.482,101.507,101.861,5484800,32.1684
1997-06-05,102.686,104.837,102.421,102.863,5044600,32.4848
1997-06-04,103.865,104.218,102.332,102.509,4154700,32.3731
1997-06-03,103.688,104.307,102.833,103.157,5887300,32.5777
1997-06-02,102.097,103.246,101.949,102.922,5325400,32.5035
1997-05-30,99.651,102.421,99.1501,101.566,8685800,30.6541
1997-05-29,97.9715,99.7984,97.8831,99.5037,3732800,30.0317
1997-05-28,99.651,99.7984,98.2367,98.4135,2712000,29.7026
1997-05-27,99.8868,100.005,98.2073,98.5903,3630200,29.756
1997-05-26,99.2975,100.712,99.0028,99.3564,6070300,29.9872
1997-05-23,104.483,104.719,102.097,102.509,9091300,30.9387
1997-05-22,105.632,105.721,104.395,104.749,3644700,31.6148
1997-05-21,105.338,106.634,104.483,105.279,7992400,31.7748
1997-05-20,105.515,106.399,105.102,105.485,3161400,31.8369
1997-05-19,105.338,107.459,104.837,105.986,8982300,31.9881
1997-05-16,102.097,105.19,102.097,104.13,8071800,31.428
1997-05-15,102.774,103.01,101.655,102.539,2653600,30.9478
1997-05-14,102.097,103.275,100.889,102.863,5780500,31.0456
1997-05-13,101.949,102.598,101.213,101.831,4041300,30.7341
1997-05-12,104.248,104.542,102.067,102.244,3576900,30.8587
1997-05-09,105.22,105.456,104.13,104.395,3603700,31.5079
1997-05-08,105.014,105.78,104.601,105.073,3653200,31.7126
1997-05-07,105.485,106.958,104.012,105.161,11163100,31.7391
1997-05-06,101.949,102.745,100.064,101.743,7181700,30.7075
1997-05-05,105.19,105.603,101.507,102.038,5305500,30.7966
1997-05-02,107.842,108.402,106.605,106.929,4384400,32.2727
1997-04-30,111.378,111.378,109.05,109.286,5851100,32.9841
1997-04-29,106.664,108.108,105.809,106.399,5870700,32.1128
1997-04-28,107.135,109.492,106.399,107.754,6697400,32.5217
1997-04-25,106.605,107.813,106.399,107.135,4890300,32.3349
1997-04-24,109.168,110.612,107.017,107.489,6780800,32.4418
1997-04-23,104.365,110.73,103.865,109.286,14004300,32.9841
1997-04-22,106.074,107.106,102.686,103.482,3330800,31.2324
1997-04-21,102.244,105.544,101.655,104.631,4248400,31.5792
1997-04-17,98.3546,100.093,97.5885,99.7984,3582800,30.1206
1997-04-15,97.2644,97.8537,96.7045,97.1465,2158800,29.3202
1997-04-11,94.2884,98.4135,92.6678,97.5001,3847400,29.427
1997-04-10,98.384,99.2385,95.1723,96.734,3383100,29.1957
1997-04-09,97.3233,100.005,97.3233,99.5627,2896200,30.0495
1997-04-07,95.7617,96.0563,94.3473,94.7598,2335300,28.5999
1997-04-04,96.0268,96.8224,95.6143,96.5572,1642100,29.1424
1997-04-03,98.4135,98.7082,97.2349,97.9126,1928500,29.5515
1997-04-02,97.8242,100.152,97.2938,98.3546,2287700,29.6849
1997-04-01,88.9847,96.3215,88.5722,95.6143,5044800,28.8578
1997-03-31,100.682,100.682,97.4412,97.559,82200,29.4447
1997-03-27,107.40,108.815,106.899,108.255,3555700,32.673
1997-03-26,109.021,109.08,107.548,107.901,2373900,32.5661
1997-03-25,109.905,109.905,107.548,108.078,4529800,32.6195
1997-03-21,109.463,110.17,108.373,108.726,4041800,32.8151
1997-03-20,106.899,110.258,106.104,108.52,8452200,32.7529
1997-03-19,111.702,112.203,107.312,107.813,3758400,32.5396
1997-03-18,111.349,111.555,109.05,109.61,5838800,33.0819
1997-03-17,112.262,112.999,110.141,111.349,4742200,33.6068
1997-03-14,110.494,113.735,110.347,111.85,6325300,33.758
1997-03-13,114.325,114.619,111.231,112.026,3811200,33.8111
1997-03-12,114.914,115.798,112.586,113.794,5052400,34.3447
1997-03-11,115.503,117.271,109.61,111.378,8357800,33.6155
1997-03-10,120.188,120.188,116.24,116.829,8650400,35.2607
1997-03-06,121.986,123.695,121.544,122.339,8563900,36.9237
1997-03-05,127.584,129.647,122.133,124.019,15313100,37.4308
1997-03-04,122.575,124.195,121.19,123.046,12295500,37.1371
1997-03-03,120.63,126.494,118.155,122.133,18433900,36.8615
1997-02-28,119.628,120.984,115.533,119.628,5920200,36.1055
1997-02-27,108.432,112.557,108.432,111.997,9909400,33.8023
1997-02-26,105.485,107.99,105.338,107.489,5364900,32.4418
1997-02-25,106.664,108.874,105.19,106.634,7154300,32.1837
1997-02-24,109.61,110.111,107.017,107.459,5346800,32.4327
1997-02-21,112.262,112.557,110.877,111.29,5956700,33.589
1997-02-20,113.735,114.325,112.557,113.087,4191100,34.1313
1997-02-19,114.885,115.209,111.732,114.531,7150500,34.5671
1997-02-18,116.417,116.682,113.735,114.118,6448400,34.4425
1997-02-17,117.831,118.273,115.562,116.682,5964900,35.2163
1997-02-14,114.914,117.301,114.649,115.798,6798200,34.9495
1997-02-13,114.619,115.415,113.942,114.619,3771400,34.5937
1997-02-12,114.619,117.566,114.619,115.651,8724800,34.9052
1997-02-11,114.619,116.682,113.234,115.385,7829800,34.8249
1997-02-10,112.262,115.827,111.319,114.767,14967300,34.6384
1997-02-07,110.258,111.584,108.726,110.73,7822500,33.4199
1997-02-06,107.901,110.642,106.369,109.875,9814800,33.1619
1997-02-05,112.056,112.792,107.548,108.137,7455500,32.6373
1997-02-04,104.896,109.551,104.601,108.255,15613900,32.673
1997-02-03,104.837,107.106,103.157,104.896,10807800,31.6592
1997-01-31,110.20,111.967,107.842,108.432,14037500,32.7264
1997-01-30,117.271,119.422,114.443,115.945,14562200,34.9939
1997-01-29,126.995,127.879,116.711,119.953,18624900,36.2036
1997-01-28,124.932,125.757,119.776,123.459,16055500,37.2617
1997-01-27,114.943,120.807,114.943,120.689,12062700,36.4257
1997-01-24,113.588,114.177,112.026,112.881,7059000,34.0691
1997-01-22,109.669,114.914,109.375,112.94,14181200,34.087
1997-01-21,109.61,110.936,106.782,107.607,9686300,32.4774
1997-01-20,113.765,114.855,109.728,110.465,7287900,33.34
1997-01-17,112.026,116.593,110.966,114.443,13640600,34.5406
1997-01-16,126.70,128.321,112.645,115.12,24074400,34.7449
1997-01-15,113.735,119.923,113.146,119.923,15990000,36.1945
1997-01-14,111.967,112.851,110.347,112.056,11452000,33.8201
1997-01-13,109.64,111.349,107.43,110.966,11863300,33.4912
1997-01-10,111.85,112.468,110.20,110.759,9583900,33.4287
1997-01-09,110.20,111.319,109.345,110.258,7588800,33.2775
1997-01-08,113.441,114.03,109.758,110.612,15481100,33.3843
1997-01-07,106.369,111.113,105.515,110.583,20731900,33.3756
1997-01-06,107.695,108.137,105.662,106.811,6845100,32.2371
1997-01-03,105.043,107.518,104.778,107.106,11793000,32.3262
1997-01-02,107.607,109.375,105.043,106.104,28670300,32.0237
1997-01-01,101.36,105.574,101.36,105.574,6978200,31.8638
1996-12-31,99.5921,100.181,97.8242,98.6492,3427100,29.7738
1996-12-26,97.2349,99.2975,96.351,98.826,4802100,29.8271
1996-12-24,94.9366,96.5277,94.1705,95.3786,4985900,28.7867
1996-12-23,97.2349,97.6769,94.9072,95.5849,5246600,28.8489
1996-12-20,95.1429,98.2662,95.1134,96.7929,8984800,29.2135
1996-12-19,93.8169,94.8777,93.0214,93.9643,4480900,28.3598
1996-12-18,94.8777,97.5296,93.8759,94.5241,11149700,28.5288
1996-12-17,94.1411,94.8777,91.9312,92.7857,5369400,28.0041
1996-12-16,91.283,95.9974,91.283,93.9937,6571600,28.3687
1996-12-13,90.7526,91.1356,89.8686,90.7526,3570800,27.3905
1996-12-12,93.9937,94.8777,90.5169,90.8704,7317500,27.426
1996-12-11,88.4543,93.9643,87.7766,93.758,7698300,28.2975
1996-12-10,89.3972,89.3972,87.3052,87.8061,5589700,26.5012
1996-12-09,90.1633,90.3695,89.1909,89.574,3112400,27.0348
1996-12-06,89.4267,91.283,89.2793,89.6624,5853100,27.0614
1996-12-05,87.3641,89.515,86.4801,88.7784,5356900,26.7946
1996-12-04,87.8061,88.3954,86.0382,87.2462,4353900,26.3322
1996-12-03,89.7802,90.4579,87.8355,88.9552,5712200,26.848
1996-12-02,90.1633,91.3419,89.6034,89.9865,3446900,27.1593
1996-11-29,91.1651,93.6402,90.399,90.7526,3948300,27.3905
1996-11-28,91.0472,93.4044,90.0454,90.5758,8714900,27.3371
1996-11-27,90.8115,91.1356,88.69,90.5169,9401700,27.3193
1996-11-26,95.4375,95.4375,92.3732,93.3455,12506400,28.173
1996-11-25,91.3714,95.7617,90.1927,93.9348,10724600,28.3509
1996-11-22,92.6384,93.1393,91.3419,91.7839,10338800,27.7017
1996-11-21,94.4357,95.6143,92.3142,92.9919,13561100,28.0663
1996-11-20,96.6456,99.2975,94.3768,94.7009,10096200,28.5821
1996-11-19,100.771,100.918,98.1189,98.6787,4788700,29.7827
1996-11-18,99.4153,100.653,99.0323,100.388,4670500,30.2986
1996-11-15,98.001,98.8849,97.5296,98.6492,2737300,29.7738
1996-11-14,99.4448,99.8868,97.3822,98.384,5814400,29.6937
1996-11-13,99.5921,100.181,98.5019,99.8278,3885800,30.1295
1996-11-11,97.7064,99.8868,96.8224,98.5314,6605900,29.7382
1996-11-08,99.8573,100.476,98.8555,99.5332,8605700,30.0406
1996-11-07,98.2662,99.5921,97.176,99.0912,9393000,29.9072
1996-11-06,97.2349,98.6492,95.2313,96.9992,12189700,29.2758
1996-11-05,101.36,101.949,96.6751,97.7064,11985300,29.4892
1996-11-04,104.631,104.631,100.918,101.419,9239400,30.6097
1996-11-01,107.224,110.20,104.896,105.721,14083700,31.9082
1996-10-31,108.756,109.551,104.012,106.369,17301000,32.1037
1996-10-29,111.967,112.851,109.64,110.612,12541000,33.3843
1996-10-28,113.765,115.209,111.761,112.351,11635300,33.9092
1996-10-25,110.789,114.266,109.522,113.352,17289200,34.2113
1996-10-24,114.03,115.503,109.05,110.524,24520900,33.3578
1996-10-23,103.717,108.756,103.717,108.756,13226700,32.8242
1996-10-22,101.802,103.982,101.095,101.625,7456700,30.6719
1996-10-18,101.684,102.509,100.476,101.065,6812500,30.5029
1996-10-17,100.506,101.89,99.0028,101.36,7903400,30.5919
1996-10-16,102.391,103.688,100.535,101.006,10224500,30.4851
1996-10-15,100.27,101.831,99.2975,100.80,9729300,30.4229
1996-10-14,102.509,103.128,100.506,100.859,8578700,30.4407
1996-10-11,99.8868,104.837,99.2975,102.833,20831200,31.0365
1996-10-10,97.0876,100.034,97.0876,99.5921,8611900,30.0584
1996-10-09,97.2349,100.535,95.9384,97.7653,7839400,29.507
1996-10-08,96.7045,97.2054,93.1098,96.4393,11195600,29.1068
1996-10-07,100.771,100.771,93.8759,97.176,12422600,29.3291
1996-10-04,101.154,101.89,99.6216,100.506,7813600,30.3342
1996-10-03,101.802,104.896,100.506,101.448,14851900,30.6185
1996-10-01,101.655,101.861,99.7394,100.476,5907000,30.3251
1996-09-30,98.8849,101.684,98.4724,101.154,9066600,30.5298
1996-09-27,100.034,100.476,99.0323,99.3269,7486900,29.9783
1996-09-26,101.655,101.949,99.651,100.594,9183400,30.3607
1996-09-25,103.01,104.572,101.714,101.979,6821700,30.7788
1996-09-24,100.623,103.187,100.623,101.979,8411000,30.7788
1996-09-23,102.598,103.305,99.4153,100.594,10214600,30.3607
1996-09-20,103.246,104.896,102.332,102.951,5944400,31.0721
1996-09-19,107.253,108.874,103.04,103.482,10209700,31.2324
1996-09-18,104.307,108.962,102.981,108.166,8159300,32.6461
1996-09-17,102.391,104.012,101.743,103.157,7515300,31.1343
1996-09-16,104.955,105.102,101.036,101.714,10725500,30.6988
1996-09-13,107.842,108.373,105.279,105.78,8120300,31.926
1996-09-12,107.99,108.402,105.78,107.459,10109900,32.4327
1996-09-11,110.20,111.025,108.166,108.55,5680600,32.762
1996-09-10,111.349,111.349,108.756,109.404,9119200,33.0197
1996-09-09,114.207,114.354,111.084,111.467,6768800,33.6424
1996-09-06,115.857,115.857,114.266,114.56,4987600,34.5759
1996-09-05,114.885,115.857,114.767,115.562,4656200,34.8783
1996-09-04,114.059,114.885,112.557,114.472,6428500,34.5493
1996-09-03,117.271,118.45,113.47,114.207,13240000,34.4694
1996-09-02,115.562,117.212,115.209,116.505,7312700,35.1629
1996-08-30,114.767,115.739,114.531,115.326,6097200,34.8071
1996-08-29,115.503,117.448,114.649,115.15,15551800,34.754
1996-08-28,113.735,115.179,113.146,114.943,8620000,34.6915
1996-08-27,111.084,112.557,110.111,111.084,5866400,33.5268
1996-08-26,111.555,112.557,110.642,110.966,5046100,33.4912
1996-08-23,111.319,113.117,110.936,111.997,7277500,33.8023
1996-08-22,114.001,114.118,110.789,111.319,13967800,33.5977
1996-08-21,108.991,112.439,108.991,111.614,8581000,33.6867
1996-08-20,106.369,108.432,106.369,107.076,7204800,32.3171
1996-08-19,109.905,110.023,106.222,106.929,6997900,32.2727
1996-08-16,111.054,111.85,109.463,110.317,7634300,33.2953
1996-08-14,110.789,112.351,109.61,110.111,8208600,33.2331
1996-08-13,110.20,111.702,109.316,110.052,8474000,33.2153
1996-08-12,113.146,113.529,110.376,111.172,7786400,33.5533
1996-08-09,112.262,114.295,111.496,112.645,10140100,33.9979
1996-08-08,117.242,117.536,112.026,112.557,12343400,33.9714
1996-08-07,111.231,115.71,110.583,115.651,11413400,34.9052
1996-08-06,111.85,111.909,108.638,110.20,9973400,33.26
1996-08-05,113.146,114.914,110.229,110.907,9428800,33.4734
1996-08-02,112.557,113.441,110.435,111.231,11023000,33.5712
1996-08-01,118.45,119.039,111.467,112.262,16930100,33.8823
1996-07-31,110.406,113.676,107.253,113.676,12490500,34.3091
1996-07-30,108.726,110.20,104.896,108.255,17378000,32.673
1996-07-29,110.789,113.647,109.08,109.581,11126700,33.0732
1996-07-26,111.378,111.967,107.872,110.229,20476400,33.2687
1996-07-25,113.441,116.093,112.026,112.675,14054000,34.007
1996-07-24,116.387,120.218,109.905,113.47,21768400,34.2469
1996-07-23,133.742,133.742,119.186,119.746,27289800,36.1411
1996-07-22,132.888,135.392,130.265,133.153,5296300,40.1875
1996-07-19,138.162,139.075,134.155,135.598,13861300,40.9255
1996-07-18,134.066,139.488,134.066,137.425,22141400,41.4769
1996-07-17,129.057,136.247,129.057,133.182,11412900,40.1963
1996-07-16,135.54,138.044,128.497,130.295,19890100,39.3249
1996-07-15,129.676,136.276,129.057,134.42,14212000,40.5699
1996-07-12,132.77,133.713,130.059,130.943,11546000,39.5205
1996-07-11,131.414,136.07,131.414,133.506,17660700,40.2941
1996-07-10,129.647,132.298,127.879,130.796,11295800,39.4762
1996-07-09,136.099,136.099,128.468,130.678,9904200,39.4405
1996-07-08,138.486,138.604,135.569,136.276,4736800,41.1301
1996-07-05,137.278,138.751,135.098,136.158,10514000,41.0945
1996-07-04,134.449,138.781,132.888,136.424,13746000,41.1748
1996-07-03,136.865,137.484,134.42,135.245,12889500,40.8189
1996-07-02,141.433,142.611,137.897,138.751,10707000,41.8771
1996-07-01,142.935,142.994,140.283,141.167,9461000,42.6063
1996-06-28,144.733,147.208,142.906,143.407,12317300,43.2823
1996-06-27,144.114,146.677,143.024,146.176,12154300,44.1181
1996-06-26,147.326,147.62,144.379,144.909,11182400,43.7357
1996-06-25,150.832,151.274,144.968,146.736,13462300,44.2871
1996-06-24,150.331,153.219,149.241,150.655,11550800,45.4699
1996-06-21,152.718,154.014,147.915,151.628,13360200,45.7636
1996-06-20,151.451,154.545,150.891,153.985,13821200,46.4749
1996-06-19,155.576,156.077,151.745,152.777,17875400,46.1103
1996-06-18,153.219,155.576,152.335,153.808,19676100,46.4215
1996-06-17,156.754,157.579,153.837,154.279,21684100,46.5637
1996-06-14,151.716,156.725,151.451,155.90,25492400,47.0529
1996-06-13,151.156,152.305,150.331,150.891,11091900,45.5411
1996-06-12,151.156,154.103,151.009,151.952,18702000,45.8613
1996-06-11,148.21,152.04,145.322,148.887,32303300,44.9363
1996-06-10,150.302,151.303,148.563,149.094,18723400,44.9988
1996-06-07,149.123,150.508,148.21,149.948,15814800,45.2565
1996-06-06,149.035,153.16,149.035,150.773,30166000,44.1473
