2014-05-16,473.00,485.85,427.20,440.90,19519100,419.7868
2014-05-15,456.90,468.00,450.75,460.60,14271600,438.5435
2014-05-14,429.95,454.70,429.90,452.35,10859700,430.6886
2014-05-13,424.15,441.50,421.25,427.10,8928300,406.6477
2014-05-12,416.95,426.90,416.10,420.05,5247500,399.9353
2014-05-09,400.00,420.75,399.10,416.70,6479700,396.7457
2014-05-08,401.20,406.25,398.40,402.00,3302100,382.7496
2014-05-07,401.15,403.45,396.15,399.90,2632700,380.7502
2014-05-06,399.40,404.50,398.65,401.75,3685900,382.5116
2014-05-05,390.40,403.80,388.85,397.55,5244200,378.5127
2014-05-02,403.00,406.60,388.10,390.05,5856300,371.3719
2014-05-01,400.65,400.65,400.65,400.65,000,381.4643
2014-04-30,407.00,407.50,393.25,400.65,7104400,381.4643
2014-04-29,425.00,426.25,404.00,405.50,6860400,386.082
2014-04-28,425.00,431.90,424.10,425.80,3360000,405.4099
2014-04-25,426.55,432.90,422.35,426.90,4791000,406.4573
2014-04-24,426.55,426.55,426.55,426.55,000,406.124
2014-04-23,421.00,429.30,420.20,426.55,5084200,406.124
2014-04-22,423.90,423.90,418.10,420.85,3267100,400.697
2014-04-21,419.50,425.50,417.55,423.50,3785000,403.2201
2014-04-18,418.90,418.90,418.90,418.90,000,398.8403
2014-04-17,412.05,419.90,411.30,418.90,3281200,398.8403
2014-04-16,410.50,416.75,404.75,413.70,4076300,393.8894
2014-04-15,419.55,424.50,407.70,409.15,4660400,389.5572
2014-04-14,419.85,419.85,419.85,419.85,000,399.7449
2014-04-11,415.50,423.50,411.00,419.85,5246800,399.7449
2014-04-10,418.90,424.80,411.20,417.80,5896500,397.793
2014-04-09,410.00,419.75,408.00,418.75,4995200,398.6975
2014-04-08,406.65,406.65,406.65,406.65,000,387.177
2014-04-07,402.55,407.50,398.20,406.65,3693000,387.177
2014-04-04,399.90,404.70,395.40,402.00,4587200,382.7496
2014-04-03,403.40,412.00,393.75,397.65,7048400,378.6079
2014-04-02,402.45,405.00,399.05,403.45,5362900,384.1302
2014-04-01,396.00,403.35,386.50,401.15,8370800,381.9403
2014-03-31,384.65,396.35,383.00,393.95,7039600,375.0851
2014-03-28,378.80,383.75,376.00,381.50,3758200,363.2313
2014-03-27,375.00,379.45,373.25,375.40,5741300,357.4234
2014-03-26,371.40,376.00,370.30,374.80,5587000,356.8521
2014-03-25,362.20,371.65,361.55,367.10,5278900,349.5209
2014-03-24,364.80,367.00,356.15,363.10,5581000,345.7124
2014-03-21,351.20,365.00,351.20,362.85,8153400,345.4744
2014-03-20,357.20,359.85,347.65,349.95,5069900,333.1921
2014-03-19,343.40,359.35,340.20,356.60,9574000,339.5237
2014-03-18,346.00,348.00,339.10,340.70,4153800,324.3851
2014-03-17,341.70,341.70,341.70,341.70,000,325.3372
2014-03-14,334.00,342.80,332.00,341.70,6159800,325.3372
2014-03-13,342.00,347.90,334.25,336.85,5569400,320.7194
2014-03-12,341.00,348.65,337.35,339.60,8736800,323.3378
2014-03-11,364.15,364.40,342.35,343.75,9147600,327.289
2014-03-10,368.25,370.80,362.45,364.15,4958200,346.7121
2014-03-07,368.20,373.40,364.55,371.10,6317600,353.3293
2014-03-06,358.00,365.40,356.00,364.20,5700800,346.7598
2014-03-05,354.80,359.80,351.75,355.95,6641800,338.9048
2014-03-04,346.50,352.50,345.35,351.75,5705400,334.9059
2014-03-03,344.00,349.50,340.70,345.30,5695000,328.7648
2014-02-28,351.00,354.60,340.70,343.80,9894200,327.3366
2014-02-27,349.30,349.30,349.30,349.30,000,332.5732
2014-02-26,361.05,362.85,348.40,349.30,10093000,332.5732
2014-02-25,369.60,372.05,359.60,360.55,4386400,343.2845
2014-02-24,373.80,373.80,366.30,369.20,3273700,351.5203
2014-02-21,366.75,375.75,366.75,374.40,3182300,356.4713
2014-02-20,369.15,369.80,364.00,366.75,4279300,349.1876
2014-02-19,379.85,379.90,371.15,373.85,3167100,355.9476
2014-02-18,373.95,381.90,372.10,379.65,3606400,361.4699
2014-02-17,371.45,375.40,366.50,374.05,3431300,356.138
2014-02-14,368.90,372.40,359.45,370.80,6037400,353.0437
2014-02-13,376.00,378.80,365.20,367.45,5852800,349.8541
2014-02-12,385.55,386.90,372.75,374.35,9379500,356.4237
2014-02-11,387.00,393.00,385.30,389.75,4273500,371.0862
2014-02-10,386.90,393.20,380.55,382.50,6243600,364.1834
2014-02-07,362.60,387.00,362.60,384.45,11721000,366.0401
2014-02-06,361.90,367.20,356.25,361.25,6470700,343.951
2014-02-05,344.85,360.90,344.05,359.40,4757600,342.1896
2014-02-04,338.05,346.85,336.05,342.95,7271500,326.5273
2014-02-03,354.90,354.90,342.05,343.10,3559000,326.6702
2014-01-31,348.40,357.90,347.55,356.05,5196500,339.00
2014-01-30,353.00,354.00,341.20,346.55,5617800,329.9549
2014-01-29,368.50,369.35,356.25,358.00,4538900,340.8566
2014-01-28,354.00,368.90,352.50,366.65,4850500,349.0924
2014-01-27,369.40,369.65,352.00,353.55,4413200,336.6197
2014-01-24,385.10,386.00,374.45,376.00,2981300,357.9947
2014-01-23,392.85,393.00,387.10,389.25,2497000,370.6102
2014-01-22,384.30,394.00,384.30,393.25,4633100,374.4186
2014-01-21,376.00,386.00,376.00,383.60,4092500,365.2307
2014-01-20,377.50,379.25,370.10,374.55,3285100,356.6141
2014-01-17,381.00,385.70,375.15,377.65,3436300,359.5657
2014-01-16,376.50,384.50,375.85,381.10,3644100,362.8505
2014-01-15,376.00,380.00,372.60,375.00,3307900,357.0426
2014-01-14,385.00,389.00,373.30,374.35,3645700,356.4237
2014-01-13,385.25,389.20,381.75,385.95,2748200,367.4682
2014-01-10,392.80,393.20,383.50,384.50,3265600,366.0876
2014-01-09,394.35,399.30,387.60,390.80,3988200,372.0859
2014-01-08,394.65,397.25,389.60,392.40,4541000,373.6093
2014-01-07,409.90,411.90,392.55,394.70,3900400,375.7992
2014-01-06,410.95,415.70,404.60,408.30,2704600,388.7479
2014-01-03,416.50,419.40,409.00,412.50,3183700,392.7468
2014-01-02,426.00,435.50,417.00,419.20,4000200,399.126
2014-01-01,425.00,426.80,423.65,425.90,1193400,405.5051
2013-12-31,426.45,426.80,422.55,424.20,1210800,403.8866
2013-12-30,425.00,428.60,421.90,425.55,2124000,405.1719
2013-12-27,425.35,428.10,423.00,425.05,2475500,404.6958
2013-12-26,418.10,427.00,416.30,425.35,4003700,404.9815
2013-12-25,418.40,418.40,418.40,418.40,000,398.3643
2013-12-24,424.00,425.35,416.65,418.40,2308900,398.3643
2013-12-23,418.00,426.80,417.20,423.15,2704700,402.8868
2013-12-20,410.80,418.85,410.35,417.95,2703900,397.9359
2013-12-19,418.00,419.20,409.20,410.80,3505900,391.1282
2013-12-18,408.80,416.45,407.85,414.90,3016100,395.0319
2013-12-17,409.35,413.15,406.00,408.70,3512400,389.1288
2013-12-16,415.15,420.20,407.25,408.90,4647900,389.3192
2013-12-13,409.90,416.65,409.10,415.15,6141200,395.2699
2013-12-12,414.90,417.25,411.50,412.75,5857700,392.9849
2013-12-11,421.95,424.85,416.00,418.25,6704400,398.2215
2013-12-10,420.00,424.90,417.55,423.30,4767100,403.0296
2013-12-09,430.00,431.95,419.95,420.95,5017500,400.7922
2013-12-06,421.00,424.00,418.00,422.70,4156100,402.4584
2013-12-05,419.15,422.30,416.30,421.40,5566800,401.2206
2013-12-04,409.00,415.70,408.00,413.95,4210800,394.1274
2013-12-03,407.00,411.70,405.10,409.80,5769000,390.1761
2013-12-02,400.10,409.90,396.00,408.30,5921300,388.7479
2013-11-29,402.00,405.40,398.60,400.60,3549700,381.4167
2013-11-28,395.90,403.70,395.50,400.90,4635300,381.7023
2013-11-27,392.00,395.95,387.85,394.75,4104000,375.8468
2013-11-26,396.20,397.95,389.50,391.75,4901600,372.9905
2013-11-25,394.10,399.00,393.35,397.95,4762300,378.8936
2013-11-22,383.90,395.50,383.60,392.45,7614900,373.657
2013-11-21,382.95,384.90,377.00,382.60,6331800,364.2786
2013-11-20,382.80,388.85,379.40,385.00,7232900,366.5637
2013-11-19,388.10,391.55,380.20,383.25,9549300,364.8975
2013-11-18,379.00,387.95,378.35,386.80,7386200,368.2775
2013-11-15,375.35,375.35,375.35,375.35,000,357.3758
2013-11-14,368.00,376.85,359.10,375.35,16785900,357.3758
2013-11-13,350.30,363.90,350.30,357.75,8165000,340.6186
2013-11-12,362.00,363.50,350.10,352.45,7567800,335.5724
2013-11-11,355.80,365.55,352.25,360.80,7566800,343.5225
2013-11-08,345.90,356.85,345.55,355.75,7856200,338.7144
2013-11-07,332.25,349.90,332.25,345.80,9786700,329.2408
2013-11-06,340.30,341.70,332.40,333.30,4337000,317.3394
2013-11-05,339.40,344.85,331.65,338.95,4456600,322.7189
2013-11-04,336.15,336.15,336.15,336.15,000,320.053
2013-11-01,335.00,341.80,332.55,336.15,4538700,320.053
2013-10-31,325.60,338.30,324.15,334.90,6259000,318.8628
2013-10-30,328.00,329.90,321.15,326.60,4944800,310.9603
2013-10-29,311.00,327.25,308.70,325.85,7791900,310.2462
2013-10-28,325.00,327.40,311.35,312.30,6896600,297.345
2013-10-25,330.15,330.80,321.10,321.85,5506600,306.4377
2013-10-24,333.00,340.90,329.70,332.15,4996200,316.2445
2013-10-23,340.70,343.90,331.10,335.20,6709500,319.1485
2013-10-22,337.00,343.40,334.50,339.95,5827400,323.671
2013-10-21,329.00,338.50,329.00,336.10,7183700,320.0054
2013-10-18,312.80,330.00,310.80,328.90,13131400,313.1501
2013-10-17,311.00,316.45,308.85,310.10,6141000,295.2504
2013-10-16,310.50,310.50,310.50,310.50,000,295.6312
2013-10-15,303.00,313.25,300.75,310.50,7864800,295.6312
2013-10-14,308.00,309.00,300.70,301.60,3919100,287.1574
2013-10-11,311.70,313.25,304.00,307.90,4894400,293.1557
2013-10-10,305.70,311.00,305.00,308.60,5944600,293.8222
2013-10-09,292.00,304.95,292.00,303.25,5603200,288.7284
2013-10-08,304.35,305.65,295.65,296.80,5332700,282.5873
2013-10-07,288.00,301.80,286.40,300.40,7197300,286.0149
2013-10-04,283.95,294.20,282.15,288.45,6346600,274.6372
2013-10-03,276.45,289.45,276.45,285.85,6538800,272.1617
2013-10-02,275.75,275.75,275.75,275.75,000,262.5453
2013-10-01,274.25,278.50,268.85,275.75,6134600,262.5453
2013-09-30,284.40,284.40,266.15,271.55,10382200,258.5464
2013-09-27,299.90,303.00,286.00,287.40,5317000,273.6374
2013-09-26,290.75,301.50,290.15,299.90,6551500,285.5388
2013-09-25,294.00,295.20,286.25,291.10,3746600,277.1602
2013-09-24,291.50,297.20,290.10,292.55,3992400,278.5408
2013-09-23,297.90,303.80,290.80,293.50,4487100,279.4453
2013-09-20,310.00,310.30,295.10,300.00,8233800,285.6341
2013-09-19,300.10,313.50,298.00,310.60,7430400,295.7265
2013-09-18,289.90,291.85,285.60,290.20,3446500,276.3034
2013-09-17,290.10,292.45,284.90,288.20,7358300,274.3991
2013-09-16,304.50,306.85,289.45,291.60,5553600,277.6363
2013-09-13,302.60,305.80,296.40,298.30,7290400,284.0154
2013-09-12,313.90,317.50,301.35,302.75,6633400,288.2524
2013-09-11,302.00,318.80,298.50,315.70,9079600,300.5822
2013-09-10,296.30,302.00,293.35,300.60,6153500,286.2053
2013-09-09,292.15,292.15,292.15,292.15,000,278.16
2013-09-06,290.20,294.90,283.50,292.15,6032900,278.16
2013-09-05,294.85,296.35,285.00,288.65,6472800,274.8276
2013-09-04,282.45,291.75,279.45,289.90,6261000,276.0177
2013-09-03,292.80,295.35,279.60,281.30,10525100,267.8295
2013-09-02,275.05,291.00,274.50,289.40,8530100,275.5416
2013-08-30,280.00,289.60,270.00,274.00,12193600,260.8791
2013-08-29,282.45,284.50,276.00,278.35,8201100,265.0208
2013-08-28,269.90,283.25,265.10,279.00,9746200,265.6397
2013-08-27,275.00,279.75,271.10,272.30,7055000,259.2605
2013-08-26,284.05,285.40,273.60,277.15,10347700,263.8783
2013-08-23,275.85,284.00,270.10,282.30,14585100,268.7816
2013-08-22,248.00,275.90,245.60,274.10,15196400,260.9743
2013-08-21,260.00,262.90,244.25,248.15,11775900,236.267
2013-08-20,243.75,258.80,239.70,257.00,10818000,244.6932
2013-08-19,230.00,248.95,223.65,246.85,13399300,235.0292
2013-08-16,249.00,249.30,231.70,235.35,8092000,224.0799
2013-08-15,250.10,250.10,250.10,250.10,000,238.1236
2013-08-14,263.00,263.00,246.20,250.10,19962900,238.1236
2013-08-13,233.90,243.50,231.65,241.40,9408400,229.8402
2013-08-12,220.80,239.45,220.65,236.55,12247700,225.2225
2013-08-09,218.80,218.80,218.80,218.80,000,208.3224
2013-08-08,208.05,221.05,206.75,218.80,6957100,208.3224
2013-08-07,197.50,208.90,195.30,207.95,5626100,197.992
2013-08-06,206.00,206.00,196.80,198.25,5125700,188.7565
2013-08-05,202.35,209.40,198.20,207.90,4592600,197.9444
2013-08-02,210.35,212.20,201.20,202.35,4531500,192.6602
2013-08-01,217.25,219.60,207.15,210.15,4609400,200.0866
2013-07-31,208.10,217.70,202.35,215.70,6266500,205.3709
2013-07-30,215.40,217.30,207.50,209.40,4186300,199.3726
2013-07-29,218.20,224.25,214.20,215.40,6006300,205.0852
2013-07-26,223.50,226.45,216.65,218.90,3588500,208.4176
2013-07-25,227.80,230.45,222.00,222.85,5074900,212.1785
2013-07-24,233.70,235.95,228.60,229.60,4019800,218.6053
2013-07-23,239.95,239.95,233.10,234.60,4285900,223.3658
2013-07-22,240.95,241.00,233.15,233.80,4682800,222.6041
2013-07-19,244.55,248.20,240.00,241.00,4484000,229.4594
2013-07-18,243.35,245.60,239.65,244.70,3754100,232.9822
2013-07-17,251.60,253.45,242.20,243.20,4426600,231.554
2013-07-16,253.40,256.10,250.70,251.60,3191100,239.5518
2013-07-15,254.50,259.50,251.90,257.45,5057100,245.1216
2013-07-12,261.50,264.00,258.50,262.65,3713200,242.4557
2013-07-11,262.00,265.35,259.10,261.05,5420100,240.9787
2013-07-10,263.00,263.05,255.25,256.20,4915300,236.5016
2013-07-09,262.60,264.10,260.15,261.65,3390500,241.5326
2013-07-08,262.90,262.90,258.00,259.90,3904600,239.9171
2013-07-05,268.50,269.85,263.60,264.70,3369600,244.3481
2013-07-04,273.00,273.40,263.40,264.80,4596300,244.4404
2013-07-03,279.10,279.20,268.55,269.55,3954800,248.8252
2013-07-02,281.70,286.30,280.00,281.95,4176800,260.2718
2013-07-01,272.10,282.70,272.10,280.70,4388100,259.1179
2013-06-28,267.00,274.10,267.00,273.75,6138100,252.7023
2013-06-27,269.00,269.75,261.35,264.15,4931700,243.8404
2013-06-26,269.00,269.50,262.60,264.60,4283000,244.2558
2013-06-25,266.50,270.35,262.30,266.45,5200900,245.9635
2013-06-24,270.20,275.40,265.60,266.65,5435600,246.1482
2013-06-21,272.40,276.45,265.55,272.05,5561400,251.133
2013-06-20,285.80,285.85,270.80,272.55,7302900,251.5945
2013-06-19,285.10,293.60,282.95,291.10,7120100,268.7183
2013-06-18,275.75,288.30,273.70,285.10,5669100,263.1796
2013-06-17,275.05,277.90,269.30,277.05,3426700,255.7485
2013-06-14,269.40,276.45,269.05,274.15,4015900,253.0715
2013-06-13,271.00,279.70,264.50,266.15,6212600,245.6866
2013-06-12,280.15,281.25,272.80,273.75,5247300,252.7023
2013-06-11,288.00,289.45,277.75,281.20,4914100,259.5795
2013-06-10,292.50,295.90,288.60,290.60,2640800,268.2567
2013-06-07,294.00,298.40,291.25,292.05,2755500,269.5952
2013-06-06,297.00,297.00,293.25,295.30,3436200,272.5953
2013-06-05,297.70,302.40,296.30,299.10,3338200,276.1032
2013-06-04,297.20,302.40,297.10,298.75,3837100,275.7801
2013-06-03,293.50,297.80,290.05,296.50,4360000,273.7031
2013-05-31,303.75,303.75,290.10,291.75,6769900,269.3183
2013-05-30,313.05,313.05,300.75,301.65,6412600,278.4571
2013-05-29,321.70,322.90,312.50,314.55,3606500,290.3653
2013-05-28,316.05,323.80,316.05,321.80,5223200,297.0578
2013-05-27,313.10,318.65,310.80,317.15,3704000,292.7654
2013-05-24,310.15,319.50,306.50,313.00,11516000,288.9345
2013-05-23,305.00,310.50,295.35,299.55,8492600,276.5186
2013-05-22,307.35,313.50,304.10,305.95,3317100,282.4265
2013-05-21,315.00,316.50,306.70,308.60,2972800,284.8728
2013-05-20,312.90,319.70,312.50,315.35,4090300,291.1038
2013-05-17,312.70,313.45,308.50,311.85,3170500,287.8729
2013-05-16,308.30,314.60,307.60,311.80,4422300,287.8267
2013-05-15,305.00,309.80,305.00,308.30,3776400,284.5958
2013-05-14,302.80,306.70,296.50,303.90,6211700,280.5341
2013-05-13,318.90,321.25,305.00,305.60,4056100,282.1034
2013-05-10,316.95,320.40,315.10,318.50,2829400,294.0116
2013-05-09,319.70,321.90,314.80,316.10,3136500,291.7961
2013-05-08,326.25,326.80,316.30,318.65,5171800,294.15
2013-05-07,324.20,326.40,320.00,324.70,5033000,299.7349
2013-05-06,313.35,323.30,313.00,322.55,5891200,297.7502
2013-05-03,303.50,314.40,301.05,311.20,5365600,287.2729
2013-05-02,304.00,306.50,302.00,304.60,2831700,281.1803
2013-05-01,302.75,302.75,302.75,302.75,000,279.4725
2013-04-30,304.90,307.40,297.70,302.75,4131600,279.4725
2013-04-29,305.50,306.70,301.10,302.45,2526400,279.1956
2013-04-26,313.30,316.60,304.20,305.05,3594000,281.5957
2013-04-25,310.25,314.45,310.00,312.55,4548100,288.519
2013-04-24,309.10,309.10,309.10,309.10,000,285.3343
2013-04-23,307.10,312.20,306.10,309.10,5032000,285.3343
2013-04-22,301.80,308.20,301.00,306.70,5309900,283.1189
2013-04-19,299.80,299.80,299.80,299.80,000,276.7494
2013-04-18,297.20,302.50,293.80,299.80,5488100,276.7494
2013-04-17,301.00,303.50,296.10,297.05,6527800,274.2108
2013-04-16,294.45,300.70,292.50,298.35,6057900,275.4109
2013-04-15,298.00,298.00,293.70,294.45,3581500,271.8107
2013-04-12,297.00,303.30,295.05,299.50,4985200,276.4724
2013-04-11,308.00,308.40,297.70,298.50,6354100,275.5493
2013-04-10,307.35,308.85,300.00,305.25,5713000,281.7803
2013-04-09,308.10,313.80,303.55,304.40,3865100,280.9957
2013-04-08,310.50,312.50,304.70,305.90,3332300,282.3803
2013-04-05,303.50,312.65,303.20,309.20,3985800,285.4266
2013-04-04,315.10,315.50,303.05,304.35,4779800,280.9495
2013-04-03,318.80,325.30,315.65,316.85,3831800,292.4885
2013-04-02,314.10,321.45,313.20,319.70,3408300,295.1193
2013-04-01,314.70,316.50,310.20,314.70,3261700,290.5038
2013-03-29,312.85,312.85,312.85,312.85,000,288.796
2013-03-28,305.50,317.40,300.70,312.85,13231600,288.796
2013-03-27,306.55,306.55,306.55,306.55,000,282.9804
2013-03-26,312.15,313.90,305.00,306.55,4553300,282.9804
2013-03-25,328.00,328.30,313.10,314.40,4749100,290.2268
2013-03-22,327.10,328.00,320.20,321.85,3812400,297.104
2013-03-21,336.50,340.95,325.00,327.85,3404600,302.6427
2013-03-20,339.70,342.40,332.60,334.75,3071000,309.0122
2013-03-19,351.00,351.75,338.40,339.70,2816600,313.5816
2013-03-18,348.85,352.00,346.30,349.30,1997700,322.4435
2013-03-15,357.85,362.80,353.20,354.45,2785400,327.1975
2013-03-14,352.10,358.25,346.60,357.10,3071900,329.6438
2013-03-13,355.00,356.90,350.70,352.10,2399700,325.0282
2013-03-12,360.00,361.50,352.00,356.25,3406500,328.8591
2013-03-11,358.60,362.85,354.55,359.35,3663100,331.7208
2013-03-08,352.00,361.70,352.00,359.15,4796700,331.5361
2013-03-07,352.90,352.90,344.55,350.55,2984100,323.5974
2013-03-06,347.10,356.50,343.10,352.75,4832700,325.6282
2013-03-05,335.20,345.55,333.50,344.15,4705000,317.6894
2013-03-04,340.00,340.30,333.35,334.70,3257300,308.966
2013-03-01,341.80,347.60,340.05,341.10,3219600,314.8739
2013-02-28,359.05,360.50,338.00,341.50,7020100,315.2432
2013-02-27,350.65,358.20,346.25,357.10,4715000,329.6438
2013-02-26,360.00,360.20,348.50,349.45,4507100,322.5819
2013-02-25,365.75,368.40,359.75,360.70,3244700,332.967
2013-02-22,364.20,367.90,360.70,364.50,4945400,336.4748
2013-02-21,375.85,375.85,363.50,363.90,5800000,335.9209
2013-02-20,387.90,388.85,378.10,379.25,4103200,350.0907
2013-02-19,386.00,388.80,380.10,386.70,2639700,356.9679
2013-02-18,376.05,387.00,374.55,385.25,3763700,355.6294
2013-02-15,378.00,382.30,371.80,376.10,3595800,347.1829
2013-02-14,370.00,382.50,368.30,380.90,7140300,351.6138
2013-02-13,385.10,387.70,375.10,376.00,4003900,347.0906
2013-02-12,385.10,387.50,382.20,384.90,2497900,355.3063
2013-02-11,390.05,390.40,384.05,384.80,2602400,355.214
2013-02-08,390.85,393.95,385.00,387.45,2988600,357.6603
2013-02-07,397.50,398.00,389.60,390.40,2676000,360.3834
2013-02-06,396.40,402.80,396.40,397.45,3475400,366.8914
2013-02-05,392.00,397.90,391.60,394.75,2919000,364.399
2013-02-04,403.00,404.45,394.15,395.05,3801100,364.6759
2013-02-01,406.60,411.70,399.55,400.85,3255000,370.03
2013-01-31,405.00,407.10,401.45,404.90,2973700,373.7686
2013-01-30,400.95,408.50,399.60,406.25,3481000,375.0148
2013-01-29,405.80,411.40,397.10,399.00,3858300,368.3222
2013-01-28,407.70,410.40,404.65,405.65,2801900,374.4609
2013-01-25,404.70,408.25,398.55,406.75,3390400,375.4763
2013-01-24,408.60,411.90,402.75,404.50,3137900,373.3993
2013-01-23,410.40,413.65,402.60,407.55,3093100,376.2148
2013-01-22,414.10,419.30,407.15,408.70,2556500,377.2764
2013-01-21,415.00,419.05,411.50,414.10,2550300,382.2612
2013-01-18,419.60,423.00,413.40,415.00,2706700,383.092
2013-01-17,411.35,420.50,408.85,418.70,4200700,386.5075
2013-01-16,421.50,423.70,413.60,414.95,2370900,383.0459
2013-01-15,423.55,427.85,421.15,424.80,2983600,392.1385
2013-01-14,418.10,424.50,413.35,423.80,2788100,391.2154
2013-01-11,420.50,424.80,415.60,417.30,3351500,385.2152
2013-01-10,424.95,426.85,418.25,420.50,4800600,388.1691
2013-01-09,434.05,435.55,421.00,422.30,7470000,389.8307
2013-01-08,439.80,440.05,430.10,433.35,3776300,400.0311
2013-01-07,434.90,448.00,430.20,440.90,6852100,407.0006
2013-01-04,441.00,441.00,430.00,433.50,3645000,400.1696
2013-01-03,440.00,444.60,438.85,442.30,3284000,408.293
2013-01-02,442.50,443.75,436.80,438.15,2596800,404.4621
2013-01-01,431.90,440.00,431.35,438.20,3104400,404.5083
2012-12-31,427.60,431.75,427.05,428.50,1836800,395.554
2012-12-28,431.85,433.60,426.30,428.55,2833100,395.6002
2012-12-27,433.00,436.85,430.00,430.75,4210500,397.631
2012-12-26,429.00,433.80,427.70,429.90,2434500,396.8464
2012-12-25,428.60,428.60,428.60,428.60,000,395.6464
2012-12-24,430.10,435.90,426.90,428.60,4990700,395.6464
2012-12-21,428.30,436.50,424.95,430.70,5817300,397.5849
2012-12-20,423.00,433.60,415.70,431.60,7697400,398.4157
2012-12-19,417.90,424.90,416.05,424.10,8834700,391.4924
2012-12-18,401.10,416.10,396.10,414.30,8339200,382.4458
2012-12-17,398.50,402.40,395.35,399.05,3119300,368.3683
2012-12-14,389.00,400.05,387.00,397.00,2634900,366.476
2012-12-13,396.60,397.65,387.20,388.65,3060700,358.768
2012-12-12,396.90,400.30,394.40,395.45,3133700,365.0452
2012-12-11,402.65,402.90,392.70,396.10,3074400,365.6452
2012-12-10,395.00,400.90,394.55,400.30,2595400,369.5222
2012-12-07,402.50,403.95,392.10,394.25,3525500,363.9374
2012-12-06,399.60,403.90,392.30,399.80,2605600,369.0607
2012-12-05,394.60,399.90,392.65,398.20,3956100,367.5837
2012-12-04,391.00,392.35,386.70,390.15,2417100,360.1526
2012-12-03,388.00,393.45,387.00,390.70,3458000,360.6604
2012-11-30,376.80,387.80,376.80,386.20,4819700,356.5064
2012-11-29,377.00,381.75,375.70,376.80,3962200,347.8291
2012-11-28,375.95,375.95,375.95,375.95,000,347.0445
2012-11-27,375.00,378.90,373.35,375.95,3178400,347.0445
2012-11-26,365.25,374.20,365.25,371.85,2884700,343.2597
2012-11-23,366.75,368.35,361.25,364.85,2231500,336.7979
2012-11-22,368.00,369.45,362.70,365.95,2956300,337.8133
2012-11-21,362.70,366.60,360.05,364.75,2352000,336.7056
2012-11-20,368.00,368.30,359.10,360.55,3219500,332.8285
2012-11-19,370.00,373.65,362.10,363.50,3631000,335.5517
2012-11-16,375.00,379.90,369.15,370.10,3120200,341.6442
2012-11-15,384.90,384.90,374.10,375.40,3370500,346.5367
2012-11-14,385.90,385.90,385.90,385.90,000,356.2294
2012-11-13,385.90,387.50,384.10,385.90,748100,356.2294
2012-11-12,385.60,386.30,381.25,384.10,3787000,354.5678
2012-11-09,404.20,408.75,385.50,390.55,5756700,360.5219
2012-11-08,399.50,404.75,396.60,403.95,2267600,372.8916
2012-11-07,396.60,404.90,396.60,401.95,2427500,371.0454
2012-11-06,394.10,399.70,393.85,398.95,2429100,368.2761
2012-11-05,399.10,399.75,395.50,397.65,1709300,367.076
2012-11-02,400.40,403.95,398.50,402.35,2575700,371.4146
2012-11-01,393.00,399.90,392.00,397.45,2478000,366.8914
2012-10-31,394.00,395.65,388.60,392.20,3827300,362.045
2012-10-30,402.05,403.70,392.50,393.05,2127600,362.8297
2012-10-29,401.00,404.30,399.10,402.05,1878800,371.1377
2012-10-26,397.50,401.85,396.65,399.80,1939000,369.0607
2012-10-25,405.10,406.80,397.90,398.80,4391100,368.1376
2012-10-24,404.40,404.40,404.40,404.40,000,373.307
2012-10-23,404.00,409.90,403.65,404.40,1683700,373.307
2012-10-22,405.20,410.40,403.10,407.85,2244300,376.4918
2012-10-19,410.00,412.85,405.20,407.45,3094100,376.1225
2012-10-18,409.40,412.50,405.80,411.75,4069300,380.0919
2012-10-17,414.90,414.90,404.20,407.20,3170600,375.8917
2012-10-16,421.80,422.85,407.15,409.10,2990800,377.6457
2012-10-15,420.05,422.55,416.00,418.90,3103400,386.6922
2012-10-12,422.30,426.50,419.40,420.95,5237200,388.5845
2012-10-11,414.40,421.90,410.20,420.25,6000600,387.9384
2012-10-10,411.90,418.45,410.10,411.60,5006600,379.9534
2012-10-09,411.35,415.90,408.10,412.05,3590400,380.3688
2012-10-08,409.00,417.90,405.80,407.65,7300500,376.3071
2012-10-05,412.60,414.05,339.00,410.55,5846500,378.9841
2012-10-04,406.80,412.70,405.50,409.00,5192300,377.5533
2012-10-03,399.50,405.80,397.50,403.80,4246100,372.7531
2012-10-02,398.95,398.95,398.95,398.95,000,368.2761
2012-10-01,401.90,402.60,393.00,398.95,3768300,368.2761
2012-09-28,401.00,409.60,398.80,400.90,5298600,370.0761
2012-09-27,396.20,402.40,395.00,396.30,5039900,365.8298
2012-09-26,398.10,405.00,394.10,396.20,4609900,365.7375
2012-09-25,406.50,408.40,396.65,400.35,4220500,369.5684
2012-09-24,409.50,414.90,404.50,406.70,4380300,375.4302
2012-09-21,396.50,413.95,396.50,409.35,7042400,377.8764
2012-09-20,401.00,401.85,392.00,393.10,3792600,362.8758
2012-09-19,405.30,405.30,405.30,405.30,000,374.1378
2012-09-18,408.00,409.90,404.00,405.30,3292700,374.1378
2012-09-17,410.00,415.15,404.05,409.95,6461500,378.4303
2012-09-14,399.70,408.00,399.15,405.00,7504500,373.8609
2012-09-13,388.00,390.45,382.25,387.60,3744800,357.7987
2012-09-12,381.95,388.00,376.20,387.15,4391500,357.3833
2012-09-11,378.20,379.20,374.25,376.95,2445600,347.9676
2012-09-10,375.00,383.40,375.00,380.05,6092600,350.8292
2012-09-07,360.20,372.00,360.20,370.90,7130700,342.3827
2012-09-06,350.70,353.90,347.25,351.25,4704900,324.2435
2012-09-05,360.60,361.70,348.55,349.90,5638900,322.9973
2012-09-04,357.70,364.95,355.55,363.70,3159000,335.7363
2012-09-03,364.15,366.65,355.20,358.00,3653200,330.4746
2012-08-31,366.00,368.60,358.10,361.40,4784100,333.6131
2012-08-30,373.30,373.75,364.50,365.90,5615300,337.7671
2012-08-29,375.50,379.25,373.00,374.40,2981200,345.6136
2012-08-28,389.40,389.40,373.10,378.20,4610700,349.1215
2012-08-27,390.50,391.40,384.50,385.65,3345200,355.9986
2012-08-24,396.00,396.10,385.80,387.80,5394400,357.9833
2012-08-23,395.90,403.40,395.00,398.55,4818900,367.9068
2012-08-22,392.10,396.50,389.20,392.55,3790300,362.3681
2012-08-21,395.00,397.50,387.00,392.10,5620200,361.9527
2012-08-20,394.80,394.80,394.80,394.80,000,364.4451
2012-08-17,399.25,401.85,392.00,394.80,4503200,364.4451
2012-08-16,406.10,409.40,397.20,398.25,4331400,367.6299
2012-08-15,406.10,406.10,406.10,406.10,000,374.8763
2012-08-14,390.00,406.90,388.60,406.10,6586400,374.8763
2012-08-13,401.00,401.15,391.50,395.45,4206700,365.0452
2012-08-10,405.10,406.90,398.60,400.10,3006200,369.3376
2012-08-09,405.85,409.90,402.30,406.30,4225600,375.0609
2012-08-08,407.90,414.80,406.60,408.05,4525100,376.6764
2012-08-07,406.00,409.25,403.55,406.15,2709300,374.9225
2012-08-06,404.00,408.80,401.25,404.30,3027300,373.2147
2012-08-03,402.25,402.30,392.50,397.00,4108800,366.476
2012-08-02,409.10,410.35,402.60,405.95,3141300,374.7378
2012-08-01,415.00,416.80,407.95,409.55,2994500,378.061
2012-07-31,411.25,416.65,401.00,414.45,4044600,382.5843
2012-07-30,404.00,411.60,402.30,410.35,3444200,378.7995
2012-07-27,390.00,402.80,389.65,399.15,5106600,368.4607
2012-07-26,388.10,390.95,382.00,384.00,7446600,354.4755
2012-07-25,396.00,397.80,385.70,386.50,5145500,356.7833
2012-07-24,399.35,402.45,393.90,396.85,3333200,366.3375
2012-07-23,412.00,412.40,398.00,399.50,2928500,368.7838
2012-07-20,411.50,417.90,411.50,415.95,2338100,383.969
2012-07-19,416.00,416.90,412.75,414.45,2692600,382.5843
2012-07-18,405.00,413.75,404.30,411.65,3357600,379.9996
2012-07-17,411.00,413.65,404.85,405.80,3394300,374.5994
2012-07-16,417.50,418.70,406.20,407.95,4011700,376.5841
2012-07-13,430.00,433.00,424.10,425.00,3317100,381.2458
2012-07-12,434.80,436.50,427.05,428.50,3517000,384.3854
2012-07-11,437.05,443.35,435.10,436.00,3046500,391.1133
2012-07-10,437.00,441.80,432.55,438.80,3775900,393.625
2012-07-09,445.00,445.00,435.20,437.60,2083600,392.5486
2012-07-06,451.00,451.20,443.55,448.25,1897600,402.1022
2012-07-05,451.40,453.80,448.50,451.60,2089500,405.1073
2012-07-04,448.00,455.60,447.10,451.80,3127700,405.2867
2012-07-03,448.00,450.75,442.00,446.35,2438800,400.3978
2012-07-02,444.00,454.50,441.65,446.95,4049100,400.936
2012-06-29,434.45,444.00,432.50,441.45,4369600,396.0022
2012-06-28,421.10,430.95,420.15,429.05,4935400,384.8788
2012-06-27,412.10,422.00,412.10,420.70,3272500,377.3885
2012-06-26,412.00,412.50,405.50,410.50,4218300,368.2386
2012-06-25,420.00,424.70,411.55,414.65,2514600,371.9613
2012-06-22,424.90,426.90,416.50,418.60,3931200,375.5047
2012-06-21,424.35,431.95,422.80,430.15,2905500,385.8656
2012-06-20,423.90,429.40,421.10,426.80,3875900,382.8605
2012-06-19,421.00,425.00,415.30,420.25,3774800,376.9848
2012-06-18,419.00,425.20,413.60,419.75,5415800,376.5363
