2012-06-15,408.10,415.90,407.20,414.55,2534400,371.8716
2012-06-14,412.00,416.75,406.00,406.95,2886100,365.0541
2012-06-13,414.70,416.50,410.35,411.95,2928200,369.5393
2012-06-12,406.95,414.40,405.30,412.90,3009600,370.3915
2012-06-11,416.00,419.00,406.75,409.90,2771200,367.7003
2012-06-08,411.90,416.25,405.50,410.40,3449700,368.1489
2012-06-07,415.00,419.85,410.00,411.10,3836700,368.7768
2012-06-06,402.00,411.50,402.00,410.00,2952300,367.79
2012-06-05,406.00,408.90,396.25,398.00,2389600,357.0255
2012-06-04,392.95,406.20,389.10,404.00,3180900,362.4078
2012-06-01,404.00,407.40,395.10,397.90,3071800,356.9357
2012-05-31,405.60,407.80,399.10,403.65,4218000,362.0938
2012-05-30,412.00,414.60,407.55,410.30,2420600,368.0591
2012-05-29,413.10,419.00,410.50,415.80,3229000,372.9929
2012-05-28,409.00,415.50,408.00,411.85,3182500,369.4496
2012-05-25,397.65,410.50,396.00,408.60,4000500,366.5342
2012-05-24,398.70,402.50,391.40,398.65,3618100,357.6085
2012-05-23,397.00,401.40,394.35,396.25,3445700,355.4556
2012-05-22,407.35,409.90,396.90,399.30,4157100,358.1916
2012-05-21,394.10,406.35,388.70,402.75,9588600,361.2864
2012-05-18,397.10,402.00,390.00,399.95,6198100,358.7747
2012-05-17,403.40,409.80,402.00,405.85,3911800,364.0673
2012-05-16,411.00,411.35,398.55,400.60,5110400,359.3578
2012-05-15,405.35,420.00,404.30,418.15,3890100,375.101
2012-05-14,410.50,417.40,402.00,408.20,3250900,366.1754
2012-05-11,412.00,419.90,409.00,412.00,3506000,369.5841
2012-05-10,418.00,425.00,413.30,415.60,3855400,372.8135
2012-05-09,421.60,432.40,414.25,417.45,4163500,374.4731
2012-05-08,444.50,444.70,424.00,427.20,3329900,383.2193
2012-05-07,422.20,443.90,421.10,441.60,3997700,396.1368
2012-05-04,444.10,445.95,428.70,432.50,4205200,387.9736
2012-05-03,459.00,459.80,446.00,448.10,3162900,401.9676
2012-05-02,464.95,469.40,460.10,461.85,1654700,414.302
2012-05-01,463.65,463.65,463.65,463.65,000,415.9167
2012-04-30,462.50,469.30,460.20,463.65,2697300,415.9167
2012-04-27,466.70,468.70,454.35,461.15,2567000,413.6741
2012-04-26,466.00,474.45,463.50,466.80,3916400,418.7424
2012-04-25,472.00,475.25,459.30,465.50,3057300,417.5763
2012-04-24,464.00,473.35,460.10,470.25,2345500,421.8372
2012-04-23,470.00,479.30,459.65,462.85,4785500,415.1991
2012-04-20,465.60,474.50,464.05,470.30,3850400,421.8821
2012-04-19,466.65,469.65,461.55,467.15,2781900,419.0564
2012-04-18,464.45,471.50,462.80,465.20,4028900,417.3072
2012-04-17,464.90,464.90,451.40,461.55,2884300,414.0329
2012-04-16,447.30,456.90,445.00,455.15,2604000,408.2918
2012-04-13,458.00,462.50,447.05,449.80,3106000,403.4926
2012-04-12,450.65,456.40,448.10,453.30,3096400,406.6323
2012-04-11,448.30,454.80,443.60,446.35,4201700,400.3978
2012-04-10,459.45,459.95,449.40,452.80,4369000,406.1837
2012-04-09,472.40,472.40,455.75,459.75,2679400,412.4182
2012-04-06,475.55,475.55,475.55,475.55,000,426.5916
2012-04-05,475.55,475.55,475.55,475.55,000,426.5916
2012-04-04,474.40,479.20,471.25,475.55,3122700,426.5916
2012-04-03,475.55,482.25,474.15,478.20,4199200,428.9688
2012-04-02,470.85,477.30,467.10,471.75,3277900,423.1828
2012-03-30,453.70,474.65,453.20,471.75,4957000,423.1828
2012-03-29,450.10,455.00,445.40,453.10,4082400,406.4529
2012-03-28,444.90,457.90,441.40,455.10,5106300,408.247
2012-03-27,449.90,450.65,438.60,447.00,4883700,400.9809
2012-03-26,448.10,451.60,438.00,440.15,4441800,394.8361
2012-03-23,449.15,455.40,442.75,448.50,4716600,402.3264
2012-03-22,469.50,475.70,447.00,449.90,6844300,403.5823
2012-03-21,452.85,474.15,448.05,472.40,4988100,423.7659
2012-03-20,449.00,457.00,445.15,454.80,4406800,407.9778
2012-03-19,455.00,463.50,446.20,448.20,3355100,402.0573
2012-03-16,463.00,473.85,449.85,454.60,5610600,407.7984
2012-03-15,461.50,466.90,455.00,462.75,4959700,415.1094
2012-03-14,475.00,475.80,458.65,460.85,5732600,413.405
2012-03-13,459.55,469.80,459.55,468.10,4056200,419.9086
2012-03-12,460.10,463.30,449.35,456.40,4644700,409.4131
2012-03-09,432.00,457.45,432.00,455.20,6535000,408.3367
2012-03-08,423.80,423.80,423.80,423.80,000,380.1693
2012-03-07,422.10,429.80,415.95,423.80,7545500,380.1693
2012-03-06,448.90,457.00,422.50,424.95,7319500,381.2009
2012-03-05,465.00,465.00,448.60,450.70,3487300,404.2999
2012-03-02,465.90,472.50,460.25,465.90,3770600,417.9351
2012-03-01,471.85,471.85,456.60,462.80,5010700,415.1542
2012-02-29,465.00,475.20,459.30,472.55,5538600,423.9004
2012-02-28,446.70,462.00,446.40,459.80,5189900,412.4631
2012-02-27,477.95,477.95,438.60,442.40,6643600,396.8544
2012-02-24,473.15,480.90,466.35,475.50,5976500,426.5467
2012-02-23,470.00,478.90,460.40,471.40,6701700,422.8688
2012-02-22,492.60,496.80,468.00,470.50,4506500,422.0615
2012-02-21,480.20,500.95,480.20,491.50,7654900,440.8995
2012-02-20,478.00,478.00,478.00,478.00,000,428.7894
2012-02-17,484.00,489.00,470.50,478.00,5733300,428.7894
2012-02-16,491.65,493.20,474.65,479.10,5391800,429.7761
2012-02-15,491.00,496.75,487.00,495.15,6471200,444.1738
2012-02-14,483.00,491.80,481.35,487.95,6195300,437.715
2012-02-13,476.00,488.85,466.50,485.20,6517500,435.2481
2012-02-10,434.00,478.40,432.60,475.05,20927900,426.1431
2012-02-09,447.90,454.35,440.00,452.15,9325900,405.6007
2012-02-08,454.00,461.80,442.35,450.65,9581100,404.2551
2012-02-07,470.00,472.00,449.25,451.35,7493500,404.883
2012-02-06,474.70,478.00,463.05,467.25,5221700,419.1461
2012-02-03,474.00,474.00,460.20,467.50,5885800,419.3704
2012-02-02,476.00,480.80,464.30,475.90,7992700,426.9056
2012-02-01,452.00,474.00,450.85,470.95,8208400,422.4652
2012-01-31,444.80,453.45,432.10,450.80,6603500,404.3896
2012-01-30,456.00,456.40,437.00,442.30,4650400,396.7647
2012-01-27,450.00,462.60,447.50,458.75,5780800,411.5212
2012-01-26,444.85,444.85,444.85,444.85,000,399.0522
2012-01-25,435.00,446.90,434.00,444.85,7374300,399.0522
2012-01-24,428.00,440.00,421.70,432.35,5801100,387.8391
2012-01-23,435.00,437.95,423.10,426.55,4509900,382.6362
2012-01-20,438.00,444.50,430.50,436.55,5911500,391.6067
2012-01-19,430.00,441.90,430.00,435.85,6538300,390.9788
2012-01-18,443.60,445.05,421.35,424.90,7276400,381.1561
2012-01-17,423.50,448.40,423.05,442.75,8204400,397.1684
2012-01-16,412.50,429.40,408.20,421.75,7948800,378.3304
2012-01-13,392.00,424.90,391.90,415.70,12172100,372.9032
2012-01-12,383.00,392.50,380.80,388.85,4843700,348.8175
2012-01-11,373.65,384.40,371.30,383.00,5621700,343.5697
2012-01-10,361.20,373.40,361.20,371.75,5218700,333.4779
2012-01-09,362.50,365.80,354.55,361.75,3858900,324.5074
2012-01-06,359.00,367.80,350.20,363.65,4553100,326.2118
2012-01-05,365.00,371.50,359.40,362.60,4174300,325.2699
2012-01-04,364.00,367.50,356.30,363.95,5451200,326.481
2012-01-03,345.00,363.80,344.20,361.85,5823100,324.5971
2012-01-02,337.90,346.00,332.10,341.10,3845800,305.9834
2011-12-30,344.55,346.90,334.00,335.35,4128700,300.8254
2011-12-29,344.90,348.75,341.10,341.90,4850500,306.701
2011-12-28,347.65,350.70,343.00,346.85,3236300,311.1414
2011-12-27,358.00,359.35,347.15,349.15,3106300,313.2046
2011-12-26,349.50,359.70,348.10,357.65,4553500,320.8295
2011-12-23,355.90,358.60,345.00,347.30,6554300,311.5451
2011-12-22,347.00,356.95,341.65,353.90,7167500,317.4656
2011-12-21,352.00,353.40,341.25,349.45,8415200,313.4737
2011-12-20,365.30,366.55,340.60,342.75,6536800,307.4635
2011-12-19,364.00,364.95,354.00,363.60,4154000,326.167
2011-12-16,378.00,381.80,362.45,364.95,5053200,327.378
2011-12-15,370.05,379.90,367.40,375.25,5837400,336.6176
2011-12-14,391.95,392.50,374.50,375.75,5505800,337.0661
2011-12-13,380.95,395.00,373.20,392.60,6545600,352.1814
2011-12-12,402.80,405.50,383.95,385.45,3701800,345.7675
2011-12-09,395.00,404.40,391.05,397.55,4673800,356.6218
2011-12-08,413.90,416.85,402.00,404.05,3765100,362.4526
2011-12-07,412.75,421.00,409.00,417.55,4710900,374.5628
2011-12-06,411.15,411.15,411.15,411.15,000,368.8216
2011-12-05,416.80,417.40,409.00,411.15,4595200,368.8216
2011-12-02,400.00,422.85,397.10,419.10,6993800,375.9532
2011-12-01,401.40,410.20,398.00,402.65,7266200,361.1967
2011-11-30,384.00,388.50,381.50,385.20,3483200,345.5432
2011-11-29,389.00,398.00,384.10,387.15,5443000,347.2925
2011-11-28,378.80,389.10,378.00,386.95,4715100,347.1131
2011-11-25,379.70,381.00,372.15,374.95,4847000,336.3485
2011-11-24,381.00,389.00,367.00,385.60,7136300,345.9021
2011-11-23,387.90,388.40,377.65,382.65,5008900,343.2558
2011-11-22,382.50,399.45,380.65,391.70,6250200,351.3741
2011-11-21,388.90,391.30,376.85,379.70,4898200,340.6095
2011-11-18,398.30,398.30,385.05,391.40,6077700,351.1049
2011-11-17,406.90,415.50,398.00,400.10,5515500,358.9093
2011-11-16,400.10,417.40,393.65,405.95,7857300,364.157
2011-11-15,413.50,415.00,396.10,400.45,8112500,359.2232
2011-11-14,435.00,437.95,409.55,412.50,5102500,370.0327
2011-11-11,429.90,433.85,423.15,429.85,6098500,385.5965
2011-11-09,470.80,475.30,444.10,447.60,5927100,401.5191
2011-11-08,470.35,472.00,464.00,467.40,2152100,419.2806
2011-11-04,467.60,476.25,465.10,467.15,4318500,419.0564
2011-11-03,465.30,469.75,455.30,461.70,3872400,414.1675
2011-11-02,463.55,472.50,459.10,467.85,3715500,419.6843
2011-11-01,477.00,480.50,465.65,472.00,3003300,423.4071
2011-10-31,479.95,488.65,475.05,482.80,4924500,433.0952
2011-10-28,468.00,491.65,467.10,483.70,5438100,433.9026
2011-10-26,454.00,455.00,449.00,451.30,649000,404.8382
2011-10-25,439.80,455.90,437.00,452.05,4935800,405.5109
2011-10-24,439.10,443.95,434.80,436.55,2478400,391.6067
2011-10-21,443.60,445.00,431.05,433.00,3329200,388.4222
2011-10-20,429.40,443.90,423.50,441.60,5657500,396.1368
2011-10-19,431.70,437.40,429.50,434.00,2370300,389.3192
2011-10-18,430.30,434.80,423.05,429.25,3376500,385.0582
2011-10-17,441.00,443.40,433.40,440.05,2791000,394.7464
2011-10-14,450.00,451.00,434.20,437.85,4378800,392.7729
2011-10-13,445.60,457.40,441.60,453.40,4733600,406.722
2011-10-12,435.00,445.00,433.70,444.10,3202400,398.3794
2011-10-11,439.80,443.30,430.70,433.55,4898100,388.9155
2011-10-10,419.70,436.40,416.65,434.95,5301000,390.1714
2011-10-07,413.50,421.40,410.65,419.70,4394100,376.4914
2011-10-05,400.80,406.80,398.00,400.60,4220100,359.3578
2011-10-04,393.85,405.40,390.30,397.55,4738700,356.6218
2011-10-03,408.75,408.75,392.85,394.65,5050500,354.0203
2011-09-30,430.60,432.80,414.15,415.35,5203500,372.5893
2011-09-29,424.00,438.00,417.00,433.80,5436400,389.1398
2011-09-28,442.00,444.00,425.60,427.40,3487200,383.3987
2011-09-27,441.60,445.40,435.50,438.95,3941800,393.7596
2011-09-26,432.00,439.70,420.20,435.45,3852100,390.62
2011-09-23,437.55,438.25,425.10,432.80,5374800,388.2427
2011-09-22,451.00,451.00,440.00,442.40,4434600,396.8544
2011-09-21,462.40,462.40,455.15,458.50,2302600,411.2969
2011-09-20,453.75,462.60,452.20,461.10,3418500,413.6292
2011-09-19,458.85,458.85,451.60,453.75,2527600,407.0359
2011-09-16,470.40,474.50,457.10,460.85,7348500,413.405
2011-09-15,475.00,477.00,460.10,465.65,5577300,417.7108
2011-09-14,460.00,473.60,454.10,469.50,3455700,421.1645
2011-09-13,460.40,467.80,450.80,457.35,4230900,410.2653
2011-09-12,469.25,470.00,452.15,454.85,6087100,408.0227
2011-09-09,490.00,490.80,475.10,476.90,4584600,427.8026
2011-09-08,499.75,502.05,489.00,491.35,3352400,440.765
2011-09-07,495.00,503.50,494.90,498.50,3219800,447.1789
2011-09-06,490.00,497.60,478.10,495.45,4795900,444.4429
2011-09-05,486.00,495.95,480.20,494.70,6126200,443.7701
2011-09-02,470.00,492.70,461.00,490.10,7465800,439.6437
2011-08-30,455.00,472.90,455.00,468.55,7560500,420.3122
2011-08-29,428.85,450.00,426.70,447.40,5191400,401.3397
2011-08-26,441.90,444.80,418.30,422.30,4940600,378.8237
2011-08-25,456.70,460.95,441.05,443.70,9748300,398.0206
2011-08-24,474.00,479.90,452.15,454.50,5489600,407.7087
2011-08-23,473.00,478.25,464.10,475.50,2680700,426.5467
2011-08-22,461.35,472.40,456.10,469.95,2634300,421.5681
2011-08-19,454.00,467.95,450.00,459.40,4263500,412.1043
2011-08-18,472.65,472.65,458.60,462.60,3031200,414.9748
2011-08-17,470.25,474.70,460.55,472.90,3977800,424.2144
2011-08-16,480.00,481.90,466.25,469.00,4218300,420.7159
2011-08-12,489.90,489.90,471.00,474.95,6886000,426.0534
2011-08-11,481.50,490.00,480.10,484.40,3241700,434.5305
2011-08-10,503.05,505.00,480.65,484.95,5973600,435.0239
2011-08-09,495.00,504.85,477.75,485.15,8847300,435.2033
2011-08-08,519.90,519.90,503.00,509.10,5526300,456.6876
2011-08-05,546.50,546.50,527.00,532.95,4924300,478.0822
2011-08-04,566.00,568.00,554.20,557.75,2455900,500.329
2011-08-03,559.90,565.50,556.00,563.35,2350700,505.3525
2011-08-02,571.00,573.40,561.55,564.40,2040200,506.2944
2011-08-01,570.75,575.95,562.80,573.80,2403500,514.7266
2011-07-29,570.00,572.00,562.40,564.00,2254700,505.9356
2011-07-28,575.00,578.90,566.20,568.65,2664300,510.1069
2011-07-27,583.00,590.75,576.50,579.85,2528500,520.1538
2011-07-26,592.70,595.70,580.60,583.35,2153100,523.2934
2011-07-25,580.00,595.00,579.00,591.25,2555100,530.3802
2011-07-22,580.00,586.40,575.65,584.25,2309600,524.1008
2011-07-21,575.45,578.25,571.80,573.35,1194300,514.323
2011-07-20,579.00,581.70,574.05,575.45,2421800,516.2068
2011-07-19,572.00,578.25,568.80,576.40,2557100,517.059
2011-07-18,573.55,577.00,570.25,571.60,1903200,512.7531
2011-07-15,578.00,581.30,569.05,572.95,2160300,513.9642
2011-07-14,573.75,583.60,571.00,576.55,2529400,517.1935
2011-07-13,577.00,579.35,570.15,575.00,4031900,515.8031
2011-07-12,580.65,585.00,570.00,572.00,4431900,513.112
2011-07-11,595.50,595.85,586.05,587.80,1815900,527.2853
2011-07-08,606.00,606.00,592.10,594.90,4050700,533.6544
2011-07-07,599.00,608.00,598.50,606.70,2919400,544.2396
2011-07-06,597.50,602.90,593.90,597.85,2082500,536.3007
2011-07-05,599.90,606.90,594.20,597.40,2963800,535.897
2011-07-04,597.75,598.80,590.10,597.50,1873200,535.9867
2011-07-01,616.70,616.70,595.65,602.30,2487700,529.528
2011-06-30,605.00,612.45,603.00,610.25,3701100,536.5174
2011-06-29,589.70,602.75,589.00,601.60,2835000,528.9125
2011-06-28,590.95,592.50,583.00,587.25,2320800,516.2964
2011-06-27,576.40,593.45,574.80,589.35,4078900,518.1426
2011-06-24,560.90,580.25,559.25,578.95,3039900,508.9992
2011-06-23,559.70,561.90,553.30,556.55,2046800,489.3056
2011-06-22,561.25,565.00,556.25,558.10,2375100,490.6683
2011-06-21,565.90,568.50,556.75,558.20,2687600,490.7563
2011-06-20,574.60,574.95,548.50,561.15,3432300,493.3499
2011-06-17,564.00,575.30,563.00,573.05,4274000,503.812
2011-06-16,558.70,562.10,551.40,553.25,4047700,486.4044
2011-06-15,562.00,566.35,560.25,561.40,2875900,493.5697
2011-06-14,566.00,566.95,558.45,561.00,3238700,493.218
2011-06-13,568.00,568.00,560.55,562.95,4827100,494.9324
2011-06-10,577.50,578.80,566.20,569.45,3511600,500.647
2011-06-09,577.00,581.70,574.40,577.05,2345600,507.3288
2011-06-08,575.10,581.30,574.50,577.70,2500800,507.9002
2011-06-07,567.00,580.00,566.00,577.95,2098500,508.12
2011-06-06,573.00,573.00,564.30,567.90,2756300,499.2843
2011-06-03,577.30,583.30,571.00,573.25,2429900,503.9879
2011-06-02,577.00,577.00,571.50,574.90,2134200,505.4386
2011-06-01,592.00,597.45,580.10,582.30,4662500,511.9444
2011-05-31,585.45,590.00,579.30,589.00,2664900,517.8349
2011-05-30,586.90,586.90,577.10,579.30,2396200,509.3069
2011-05-27,578.00,588.40,565.70,585.20,4853800,514.4941
2011-05-26,575.00,579.90,566.00,574.15,6208400,504.7792
2011-05-25,567.70,570.25,558.25,561.20,4416200,493.3938
2011-05-24,557.25,568.90,553.55,566.50,4884200,498.0535
2011-05-23,574.55,574.55,557.55,559.40,2338700,491.8113
2011-05-20,564.70,583.70,563.00,579.55,3184100,509.5267
2011-05-19,569.05,574.85,560.65,562.75,2980100,494.7565
2011-05-18,576.00,578.90,566.25,571.70,2530800,502.6252
2011-05-17,580.20,585.00,566.70,573.95,3323700,504.6033
2011-05-16,593.00,593.00,576.40,577.80,2748200,507.9881
2011-05-13,586.10,602.00,584.80,594.00,2509600,522.2308
2011-05-12,592.00,592.95,583.10,584.70,2498400,514.0545
2011-05-11,590.00,597.40,588.50,594.20,2008700,522.4067
2011-05-10,594.00,596.70,583.00,588.40,2785300,517.3074
2011-05-09,598.00,600.80,590.10,595.10,1943300,523.1979
2011-05-06,584.70,596.50,583.00,594.50,2472300,522.6704
2011-05-05,590.00,594.35,581.00,583.05,2414300,512.6038
2011-05-04,601.15,603.95,588.20,589.75,3839000,518.4943
2011-05-03,612.60,614.80,600.00,603.25,2407500,530.3632
2011-05-02,616.00,619.00,607.05,614.65,2062700,540.3858
2011-04-29,614.10,619.40,610.50,616.50,1881700,542.0123
2011-04-28,623.10,624.30,612.00,613.45,2911700,539.3308
2011-04-27,630.00,632.90,619.05,620.05,2197800,545.1333
2011-04-26,628.00,628.95,615.60,627.40,2661500,551.5953
2011-04-25,629.75,634.70,625.35,626.70,2208200,550.9799
2011-04-21,628.25,633.00,626.55,630.05,2184400,553.9251
2011-04-20,616.00,626.50,615.80,624.50,2674500,549.0457
2011-04-19,608.00,617.00,605.05,609.40,3180700,535.7701
2011-04-18,631.90,636.30,609.50,612.10,3364400,538.1439
2011-04-15,634.40,638.00,628.20,630.60,2490000,554.4086
2011-04-13,621.55,640.00,619.40,636.40,2095800,559.5079
2011-04-11,629.00,634.90,623.10,624.95,1955200,549.4413
2011-04-08,638.50,641.90,625.70,629.85,2243800,553.7493
2011-04-07,636.00,642.00,634.00,638.35,2501400,561.2223
2011-04-06,636.00,640.55,631.15,634.40,2526100,557.7496
2011-04-05,633.60,637.90,623.25,635.20,3142300,558.4529
2011-04-04,627.10,634.20,625.70,631.15,2221100,554.8922
2011-04-01,623.00,629.95,620.25,626.60,2507000,550.8919
2011-03-31,617.20,626.85,614.00,622.25,4877800,547.0675
2011-03-30,616.00,622.95,614.70,615.80,3326500,541.3968
2011-03-29,612.50,618.45,608.40,612.90,4818000,538.8473
2011-03-28,614.70,620.15,610.05,613.40,2865800,539.2868
2011-03-25,616.90,616.90,608.30,615.45,3961400,541.0891
2011-03-24,615.00,616.40,605.65,609.75,3390600,536.0778
2011-03-23,604.85,611.80,603.90,610.40,2767000,536.6493
2011-03-22,605.00,610.50,603.15,604.80,2966200,531.7259
2011-03-21,601.00,606.00,596.55,601.45,3517900,528.7807
2011-03-18,599.05,603.45,593.10,597.15,4236500,525.0002
2011-03-17,590.55,599.70,590.00,592.70,3754500,521.0879
2011-03-16,596.50,607.50,596.50,599.55,5277100,527.1102
2011-03-15,585.00,599.90,575.00,593.30,7669800,521.6154
2011-03-14,582.10,602.80,582.10,601.10,5321900,528.4729
2011-03-11,594.45,594.45,577.15,581.30,7305000,511.0653
2011-03-10,611.00,611.00,595.20,596.55,6225700,524.4727
2011-03-09,618.00,620.55,607.00,612.95,3493700,538.8912
2011-03-08,607.00,618.60,603.10,616.00,4271300,541.5727
2011-03-07,613.45,613.65,595.10,602.75,4484300,529.9236
2011-03-04,630.20,633.15,616.20,618.20,4024300,543.5069
2011-03-03,630.00,632.40,618.10,624.40,5210700,548.9578
2011-03-01,611.15,635.80,609.20,634.45,5463000,557.7935
2011-02-28,614.00,616.60,599.30,607.15,6454600,533.792
2011-02-25,608.10,611.40,591.20,606.85,7746200,533.5282
2011-02-24,624.00,625.95,595.10,602.65,7626700,529.8357
2011-02-23,622.90,737.00,614.45,627.00,4404700,551.2436
2011-02-22,630.90,631.00,620.30,624.35,5021600,548.9138
2011-02-21,641.40,641.40,622.35,637.45,5239300,560.431
2011-02-18,656.60,661.40,634.15,638.35,5729200,561.2223
2011-02-17,644.00,657.00,641.55,655.10,6194600,575.9485
2011-02-16,610.00,644.50,605.80,641.40,10190300,563.9038
2011-02-15,624.00,627.00,612.00,616.60,5880800,542.1002
2011-02-14,607.30,623.00,599.50,620.25,5332100,545.3092
2011-02-11,602.00,602.90,575.10,595.30,8848200,523.3737
2011-02-10,599.00,604.50,581.15,600.55,8597800,527.9894
2011-02-09,618.90,620.70,595.15,599.15,8262900,526.7586
2011-02-08,645.10,645.10,616.30,619.70,6296400,544.8256
2011-02-07,639.70,645.50,634.10,640.40,5215200,563.0246
2011-02-04,637.75,652.00,632.00,635.90,7009100,559.0683
2011-02-03,625.70,640.90,625.70,638.10,5446800,561.0025
2011-02-02,631.10,634.95,615.80,626.25,15400400,550.5842
2011-02-01,637.45,642.80,627.10,631.75,6381700,555.4197
2011-01-31,621.00,641.95,618.00,639.70,6847300,562.4092
2011-01-28,647.00,654.50,630.20,637.45,4677100,560.431
2011-01-27,657.20,660.40,647.30,650.10,5277200,571.5526
2011-01-25,650.40,664.50,650.30,655.35,5957100,576.1683
2011-01-24,628.90,652.30,625.00,649.25,6239700,570.8053
2011-01-21,630.25,635.00,627.00,629.55,3699400,553.4855
2011-01-20,633.90,643.25,630.60,634.20,6370300,557.5737
2011-01-19,633.90,644.50,633.05,639.60,5766300,562.3212
2011-01-18,627.00,638.80,627.00,632.60,5859500,556.167
2011-01-17,617.15,628.00,613.20,625.65,5086500,550.0568
2011-01-14,635.00,636.60,617.50,622.45,6774000,547.2434
2011-01-13,651.80,656.00,635.00,637.55,6814000,560.5189
2011-01-12,648.10,658.60,626.25,648.90,8540100,570.4976
2011-01-11,649.00,660.40,640.75,646.55,5881500,568.4315
2011-01-10,660.00,665.70,645.00,650.70,6248300,572.0801
2011-01-07,684.50,687.95,656.15,661.25,5833100,581.3554
2011-01-06,687.75,690.85,681.50,683.30,3796800,600.7412
2011-01-05,696.50,696.65,677.25,680.95,4927300,598.6752
2011-01-04,708.60,713.90,693.25,694.70,7941800,610.7639
2011-01-03,685.20,707.50,685.10,704.05,6654100,618.9842
2010-12-31,675.20,684.30,672.00,680.40,3986600,598.1917
2010-12-30,670.60,676.60,670.00,672.75,3546800,591.4659
2010-12-29,667.25,672.00,666.00,668.05,2184800,587.3338
2010-12-28,665.00,669.75,662.70,665.00,2142000,584.6523
2010-12-27,672.15,678.00,661.55,662.55,2795900,582.4983
2010-12-24,659.80,675.70,655.05,672.85,3964600,591.5538
2010-12-23,675.05,677.80,659.25,661.35,5126400,581.4433
2010-12-22,677.30,682.70,666.80,672.90,6263300,591.5978
2010-12-21,667.10,678.75,666.30,676.20,4329700,594.4991
2010-12-20,654.10,671.80,653.30,666.40,6483700,585.8832
2010-12-16,645.00,662.65,641.80,660.40,9004300,580.6081
2010-12-15,644.85,652.65,636.75,642.75,5868300,565.0907
2010-12-14,633.00,649.00,632.00,646.60,5697900,568.4755
2010-12-13,620.00,634.00,616.80,631.00,5208400,554.7603
2010-12-10,602.75,621.00,594.45,619.00,5080400,544.2102
2010-12-09,628.50,630.00,600.10,604.55,5908900,531.5061
2010-12-08,635.40,636.30,621.20,624.25,4842700,548.8259
2010-12-07,639.40,644.35,633.10,639.35,6892600,562.1014
2010-12-06,621.90,639.90,620.00,635.05,8358400,558.321
2010-12-03,623.50,624.80,606.40,614.55,4493600,540.2979
2010-12-02,621.90,630.30,616.55,622.75,5541100,547.5071
2010-12-01,587.90,614.80,587.00,613.55,6227500,539.4187
2010-11-30,589.00,589.00,574.10,584.80,7829100,514.1424
2010-11-29,600.20,605.00,585.80,591.85,5725500,520.3406
2010-11-26,606.40,608.15,581.70,598.80,8551700,526.4508
2010-11-25,620.40,623.60,600.10,602.70,5886100,529.8796
2010-11-24,613.50,625.60,612.50,616.60,6368700,542.1002
2010-11-23,616.00,622.80,602.85,612.15,5884300,538.1879
2010-11-22,610.55,627.05,608.70,624.85,4906700,549.3534
2010-11-19,623.90,624.35,601.25,606.05,5985800,532.8249
2010-11-18,609.45,626.50,596.55,623.45,7427900,548.1226
2010-11-16,620.90,623.95,594.40,605.95,8892800,532.737
2010-11-15,621.90,623.90,608.10,618.30,7086700,543.5948
2010-11-12,628.60,630.80,603.50,606.95,6890000,533.6161
2010-11-11,638.60,648.40,627.35,631.05,4895900,554.8043
2010-11-10,641.90,647.50,636.00,637.40,3410300,560.3871
2010-11-09,635.40,644.85,632.90,641.30,5576500,563.8158
2010-11-08,626.00,638.65,620.80,633.20,5703200,556.6945
2010-11-05,627.30,629.00,621.25,623.55,1078800,548.2105
2010-11-04,617.50,622.60,615.10,621.50,4223300,546.4082
2010-11-03,603.20,613.40,601.65,609.60,4992200,535.9459
2010-11-02,594.45,601.70,588.00,599.05,6050500,526.6706
2010-11-01,600.25,602.95,590.60,591.90,5511000,520.3846
2010-10-29,605.10,605.45,581.00,589.40,7345000,518.1866
2010-10-28,617.50,619.40,601.10,603.85,7831100,530.8907
2010-10-27,602.25,616.90,601.90,614.90,6989100,540.6056
2010-10-26,621.60,624.95,602.80,605.65,8082800,532.4732
2010-10-25,624.40,630.80,619.10,620.25,5557200,545.3092
2010-10-22,632.00,633.00,616.00,617.50,5741000,542.8915
2010-10-21,619.05,631.80,617.85,628.40,4654500,552.4745
2010-10-20,625.00,629.50,614.10,615.70,7034900,541.3089
2010-10-19,650.05,652.55,630.50,633.15,4659700,556.6506
2010-10-18,652.90,652.90,625.00,646.05,4662900,567.9919
2010-10-15,645.60,658.60,631.10,635.85,4569500,559.0243
2010-10-14,640.65,659.40,640.65,652.50,7999500,573.6626
2010-10-13,636.60,640.00,631.50,637.85,7070500,560.7827
2010-10-12,641.00,642.00,625.00,633.35,4604500,556.8264
2010-10-11,644.75,644.75,631.25,640.10,4675500,562.7608
2010-10-08,654.95,658.95,619.30,626.60,15657700,550.8919
2010-10-07,680.00,682.00,647.10,649.70,7710500,571.2009
2010-10-06,673.95,685.00,671.10,678.25,5549900,596.3014
2010-10-05,672.00,677.50,666.20,668.35,3989600,587.5976
2010-10-04,672.00,680.60,666.35,669.70,5318000,588.7845
2010-10-01,653.50,674.25,653.50,667.80,8031100,587.114
2010-09-30,653.00,658.00,642.10,651.85,7579700,573.0911
2010-09-29,650.20,664.70,650.20,653.10,7108800,574.1901
2010-09-28,645.00,655.90,642.00,651.65,6858400,572.9153
2010-09-27,635.50,649.50,634.20,645.90,7181100,567.8601
2010-09-24,625.00,633.90,624.00,629.95,5854900,553.8372
2010-09-23,621.00,624.50,612.00,623.50,6741100,548.1665
2010-09-22,619.00,628.30,613.40,618.85,7645800,544.0783
2010-09-21,620.20,623.75,610.50,615.35,6881200,541.0012
2010-09-20,606.95,621.90,605.60,618.00,8336100,543.331
2010-09-17,597.35,614.25,597.35,604.80,9837800,531.7259
2010-09-16,606.90,610.70,592.10,595.35,7029400,523.4177
2010-09-15,600.00,609.75,598.40,603.70,7214200,530.7588
2010-09-14,604.40,615.85,595.10,596.90,7826200,524.7804
2010-09-13,599.00,606.70,595.40,601.50,7502300,528.8246
2010-09-09,583.00,596.65,575.05,593.65,8488800,521.9231
2010-09-08,572.00,586.55,567.90,580.60,8155500,510.4498
2010-09-07,573.20,584.45,570.25,576.40,8773700,506.7573
2010-09-06,544.00,577.65,543.10,575.70,15839000,506.1419
2010-09-03,545.00,546.00,536.35,540.95,3572000,475.5905
2010-09-02,542.00,547.00,540.10,544.05,5960400,478.3159
2010-09-01,526.00,539.00,525.70,537.95,7598700,472.953
2010-08-31,524.10,527.65,515.55,522.70,7258400,459.5455
2010-08-30,521.00,529.40,520.15,527.90,7636500,464.1173
2010-08-27,505.00,522.00,502.00,510.15,9449400,448.5119
2010-08-26,500.00,504.80,497.00,501.85,5944800,441.2147
2010-08-25,511.00,513.00,493.00,497.00,9143800,436.9507
2010-08-24,521.55,525.90,510.40,513.75,4371800,451.6769
2010-08-23,520.00,526.80,519.65,521.55,4469900,458.5345
2010-08-20,520.00,522.90,517.05,518.90,4428300,456.2047
2010-08-19,521.85,529.45,518.40,522.30,4673100,459.1938
2010-08-18,515.00,522.95,514.35,521.85,5582700,458.7982
2010-08-17,518.80,523.80,511.20,513.60,7239700,451.545
2010-08-16,528.15,536.85,515.00,517.80,7548800,455.2375
2010-08-13,540.00,540.00,523.80,527.20,7841900,463.5018
2010-08-12,518.00,531.00,507.50,519.95,12127300,457.1278
2010-08-11,538.00,547.80,518.65,520.25,8385100,457.3915
2010-08-10,541.00,553.30,533.65,536.35,7274600,471.5463
2010-08-09,534.00,542.00,531.15,540.10,2521600,474.8432
2010-08-06,537.90,544.65,529.50,531.50,3267700,467.2823
2010-08-05,544.45,547.00,537.05,538.25,2789000,473.2167
2010-08-04,547.00,549.90,537.10,540.55,2497800,475.2388
2010-08-03,550.00,551.25,543.20,547.00,4208800,480.9095
2010-08-02,450.00,548.80,450.00,547.25,3862400,481.1293
2010-07-30,530.00,543.80,530.00,537.00,5611900,472.1177
2010-07-29,531.00,536.50,527.40,533.10,4028800,468.6889
2010-07-28,530.10,539.40,529.25,532.60,4876600,468.2493
2010-07-27,540.00,542.00,526.20,529.85,5288000,465.8316
2010-07-26,536.20,540.95,460.00,532.40,4554500,468.0736
2010-07-23,541.00,548.90,533.50,535.65,6695800,470.9309
2010-07-22,530.00,542.40,522.25,540.85,10655300,475.5026
2010-07-21,518.00,532.35,511.15,530.85,11085200,466.7108
2010-07-20,515.00,519.40,505.25,509.35,5124400,447.8085
2010-07-19,502.00,514.20,502.00,511.30,4053900,449.5229
2010-07-16,514.00,518.00,507.00,508.75,4081100,447.281
2010-07-15,507.00,517.00,506.10,512.75,7499600,450.7977
2010-07-14,515.00,519.50,504.00,505.90,6797900,444.7754
2010-07-13,495.20,512.35,495.00,508.80,7772000,447.325
2010-07-12,495.00,506.00,491.50,497.75,7715900,437.6101
2010-07-09,488.75,497.90,486.50,495.95,6379700,428.9942
2010-07-08,484.00,488.90,478.10,484.75,5308300,419.3062
2010-07-07,484.00,484.00,473.50,474.90,7573500,410.786
2010-07-06,473.00,481.95,468.10,480.40,5299200,415.5435
2010-07-05,476.00,476.10,470.00,471.75,2536000,408.0613
2010-07-02,475.10,481.00,471.15,474.95,5373600,410.8293
2010-07-01,483.70,486.00,472.25,475.00,4968800,410.8725
2010-06-30,470.10,487.45,470.10,485.65,5948600,420.0847
2010-06-29,499.80,500.00,480.00,481.60,6807500,416.5815
2010-06-28,490.30,501.65,490.30,500.10,4142000,432.5839
