2010-06-25,498.00,501.90,488.30,490.05,5992400,423.8907
2010-06-24,498.00,506.50,495.00,498.40,8992900,431.1134
2010-06-23,491.00,501.80,489.45,497.60,8072600,430.4214
2010-06-22,508.00,508.00,492.30,494.05,7213900,427.3507
2010-06-21,480.10,506.45,480.10,504.80,10355700,436.6493
2010-06-18,482.60,486.40,471.20,473.75,6006500,409.7913
2010-06-17,486.00,486.95,476.45,480.95,7688300,416.0192
2010-06-16,495.10,498.00,483.80,485.55,6699600,419.9982
2010-06-15,484.20,493.75,480.65,491.90,6009000,425.4909
2010-06-14,476.10,486.40,475.55,484.20,5379800,418.8305
2010-06-11,475.00,478.40,470.65,473.60,6951100,409.6615
2010-06-10,468.80,473.35,457.70,471.45,7726100,407.8018
2010-06-09,453.00,466.30,450.55,463.05,11085700,400.5358
2010-06-08,464.25,466.90,449.10,451.40,9002300,390.4586
2010-06-07,471.00,471.00,457.50,462.15,8345400,399.7573
2010-06-04,484.50,490.00,478.55,485.25,8232700,419.7387
2010-06-03,490.10,494.70,483.25,485.80,9458400,420.2144
2010-06-02,485.00,486.90,476.40,484.30,9941500,418.917
2010-06-01,500.00,507.80,477.00,480.00,11520700,415.1975
2010-05-31,496.85,502.85,486.25,500.70,9130400,433.1029
2010-05-28,500.00,508.50,490.05,496.85,14624200,429.7727
2010-05-27,483.00,497.40,473.55,492.35,18578800,425.8802
2010-05-26,478.00,498.15,477.10,484.45,12786700,419.0467
2010-05-25,495.00,495.00,474.25,476.65,10992400,412.2997
2010-05-24,516.00,524.00,495.10,501.05,6739600,433.4056
2010-05-21,497.50,513.00,487.30,509.25,12330400,440.4986
2010-05-20,515.00,522.00,504.00,508.15,8859300,439.5471
2010-05-19,525.00,529.50,510.35,512.50,10840300,443.3098
2010-05-18,538.80,541.30,527.50,530.30,9404300,458.7067
2010-05-17,532.55,540.80,523.00,536.35,10980200,463.9399
2010-05-14,574.00,574.00,545.50,547.95,8098700,473.9739
2010-05-13,585.00,593.65,571.55,575.10,5536400,497.4585
2010-05-12,582.00,588.00,572.00,584.45,6387900,505.5462
2010-05-11,605.00,608.80,579.00,582.05,9110700,503.4702
2010-05-10,598.90,606.00,564.00,601.45,7652000,520.2511
2010-05-07,560.00,569.00,552.45,558.35,7095900,482.9698
2010-05-06,573.00,579.90,561.20,575.90,8053500,498.1505
2010-05-05,570.00,577.40,555.70,573.10,11731400,495.7285
2010-05-04,607.00,629.85,572.15,577.85,8712100,499.8372
2010-05-03,610.00,617.85,604.00,607.05,5477200,525.0951
2010-04-30,640.50,644.00,615.00,618.85,7474300,535.302
2010-04-29,628.00,640.60,626.30,632.65,5230100,547.239
2010-04-28,644.00,644.00,622.35,624.35,5097500,540.0595
2010-04-27,655.10,657.70,646.35,647.50,3649400,560.0841
2010-04-26,650.00,664.70,650.00,656.85,4236600,568.1718
2010-04-23,656.00,662.70,643.05,648.35,6395000,560.8193
2010-04-22,665.10,673.45,649.70,655.30,6551400,566.8311
2010-04-21,673.10,679.80,665.70,668.85,3137400,578.5517
2010-04-20,673.00,685.00,665.50,670.85,4387400,580.2817
2010-04-19,682.70,688.00,662.45,669.80,6370300,579.3735
2010-04-16,684.00,698.30,676.00,695.70,4318100,601.7769
2010-04-15,695.90,701.30,678.10,686.10,5249700,593.4729
2010-04-13,682.45,693.50,675.55,691.95,5211600,598.5331
2010-04-12,678.00,688.40,670.50,684.25,4104600,591.8727
2010-04-09,674.00,686.00,671.20,676.20,3158000,584.9095
2010-04-08,680.00,739.00,668.20,671.25,3890600,580.6277
2010-04-07,690.00,692.80,677.50,685.65,3908500,593.0837
2010-04-06,681.50,694.90,673.00,687.60,5850800,594.7704
2010-04-05,655.20,679.80,655.20,678.50,6019700,586.8989
2010-04-01,636.00,654.00,635.20,652.20,4256000,564.1496
2010-03-31,635.00,639.60,626.10,632.05,3943700,546.7199
2010-03-30,645.00,650.00,632.10,634.75,3017300,549.0554
2010-03-29,639.80,650.85,636.40,643.55,2553900,556.6674
2010-03-26,640.00,650.00,636.30,644.10,3672800,557.1431
2010-03-25,637.00,640.90,624.55,638.20,4284200,552.0397
2010-03-23,632.00,640.25,628.60,637.95,3779800,551.8234
2010-03-22,636.15,643.70,626.65,629.05,3846600,544.1249
2010-03-19,640.50,645.50,636.35,644.25,3444500,557.2729
2010-03-18,635.00,641.65,630.10,639.20,4070400,552.9047
2010-03-17,536.00,643.50,536.00,632.10,5722400,546.7632
2010-03-16,610.90,631.00,608.25,627.20,4462500,542.5247
2010-03-15,605.20,616.90,604.15,610.05,3397800,527.69
2010-03-12,610.00,613.90,603.65,607.55,4003400,525.5276
2010-03-11,612.00,615.00,602.40,608.30,3344000,526.1763
2010-03-10,616.05,619.70,602.50,612.20,3534700,529.5498
2010-03-09,620.00,622.35,611.00,614.70,3760400,531.7123
2010-03-08,623.65,628.00,616.75,621.75,4379700,537.8105
2010-03-05,620.00,627.50,616.00,618.10,4629600,534.6532
2010-03-04,610.00,620.60,603.10,617.55,7308300,534.1775
2010-03-03,610.00,617.30,604.30,608.20,6214100,526.0898
2010-03-02,581.15,610.75,581.15,608.90,6672700,526.6953
2010-02-26,570.00,592.30,564.00,574.35,5474100,496.8097
2010-02-25,569.00,574.00,560.05,569.25,4366100,492.3983
2010-02-24,572.00,574.80,563.55,567.30,5146000,490.7115
2010-02-23,567.10,580.40,565.10,575.50,5695200,497.8045
2010-02-22,568.00,580.40,567.00,572.75,5758600,495.4258
2010-02-19,568.00,572.40,556.55,560.75,7575100,485.0458
2010-02-18,584.00,587.00,570.10,577.15,4882500,499.2317
2010-02-17,545.10,586.30,545.10,584.35,9588100,505.4597
2010-02-16,542.00,552.00,540.05,550.10,6424900,475.8336
2010-02-15,537.50,544.50,530.60,539.90,7261400,467.0107
2010-02-11,524.85,538.35,524.85,533.95,6424700,461.864
2010-02-10,536.00,544.70,519.30,522.45,6927700,451.9165
2010-02-09,531.00,542.20,530.00,533.55,7347200,461.5179
2010-02-08,550.00,565.90,528.10,533.85,14263900,461.7774
2010-02-05,540.00,561.50,540.00,550.20,8789400,475.9201
2010-02-04,596.00,596.00,574.00,577.70,6958900,499.7075
2010-02-03,578.00,603.60,577.10,600.40,9026400,519.3429
2010-02-02,585.00,594.60,570.65,573.30,9193200,495.9015
2010-02-01,560.00,584.80,557.95,579.85,6917200,501.5672
2010-01-29,578.00,581.00,551.70,569.10,11590100,492.2685
2010-01-28,566.00,589.40,565.00,585.40,12582800,506.368
2010-01-27,599.90,605.70,553.25,559.65,10905200,484.0943
2010-01-26,636.25,636.25,636.25,636.25,000,550.3529
2010-01-25,620.00,625.70,606.90,609.90,5328600,527.5603
2010-01-22,641.10,641.10,617.00,624.55,8780300,540.2325
2010-01-21,649.50,659.50,642.25,648.00,10916900,560.5166
2010-01-20,638.00,657.40,638.00,653.70,7929000,565.4471
2010-01-19,636.00,645.60,632.00,637.65,5015600,551.5639
2010-01-18,642.00,642.00,630.75,637.50,5948900,551.4342
2010-01-15,650.00,650.95,640.00,645.15,4292500,558.0514
2010-01-14,644.75,651.20,641.55,647.70,6642400,560.2571
2010-01-13,615.00,641.80,615.00,639.25,10315000,552.9479
2010-01-12,641.50,648.75,623.85,625.55,6832300,541.0975
2010-01-11,650.00,655.90,645.20,648.50,6640700,560.9491
2010-01-08,651.00,661.50,640.90,648.45,8199500,560.9059
2010-01-07,644.90,652.80,640.10,649.80,7635700,562.0736
2010-01-06,660.00,660.00,637.00,642.05,7350400,555.3699
2010-01-05,638.55,654.80,638.55,649.10,7801900,561.4681
2010-01-04,622.00,636.50,616.90,633.75,5569700,548.1904
2010-01-01,617.00,617.00,617.00,617.00,000,533.7018
2009-12-31,617.65,623.90,612.65,617.70,7667400,534.3073
2009-12-30,620.00,626.70,612.60,614.80,7309200,531.7988
2009-12-29,616.45,627.90,616.45,622.05,7639300,538.07
2009-12-28,615.50,615.50,615.50,615.50,000,532.4043
2009-12-25,615.50,615.50,615.50,615.50,000,532.4043
2009-12-24,608.30,618.35,598.00,615.60,9737900,532.4908
2009-12-23,581.00,606.40,577.00,604.05,10387800,522.5001
2009-12-22,568.00,580.40,558.50,577.20,7552900,499.275
2009-12-21,567.00,571.25,553.00,555.90,6794800,480.8506
2009-12-18,562.00,572.50,558.85,563.25,8162500,487.2083
2009-12-17,556.00,568.90,556.00,564.20,8455200,488.0301
2009-12-16,547.00,560.35,542.65,557.65,9122900,482.3644
2009-12-15,550.00,557.00,544.00,546.50,6628900,472.7196
2009-12-14,546.55,553.00,539.25,544.50,6548500,470.9896
2009-12-11,559.70,559.70,536.45,546.55,9360200,472.7629
2009-12-10,550.00,556.55,541.20,548.95,8901600,474.8389
2009-12-09,564.00,564.00,541.55,544.90,10837200,471.3357
2009-12-08,550.00,570.90,550.00,568.20,7831400,491.49
2009-12-07,570.00,574.90,553.30,555.85,6806600,480.8073
2009-12-04,576.00,584.00,571.65,575.95,7333200,498.1937
2009-12-03,577.10,590.00,574.10,583.60,7635700,504.8109
2009-12-02,586.00,591.40,572.20,574.80,8612200,497.199
2009-12-01,589.40,590.80,574.05,581.65,9386300,503.1242
2009-11-30,550.00,582.00,531.65,579.20,14212200,501.005
2009-11-27,525.00,553.60,517.00,544.85,12931400,471.2924
2009-11-26,564.00,567.90,528.35,543.70,17943400,470.2977
2009-11-25,562.00,570.95,557.00,563.10,5527400,487.0785
2009-11-24,578.00,578.95,555.85,558.70,10712300,483.2726
2009-11-23,552.00,576.95,550.00,573.05,9541400,495.6852
2009-11-20,532.00,555.00,524.00,552.95,9239700,478.2989
2009-11-19,545.00,555.70,532.50,537.15,10571000,464.632
2009-11-18,542.00,550.70,525.05,547.40,9652500,473.4982
2009-11-17,540.00,544.80,530.50,538.80,6608800,466.0592
2009-11-16,526.20,544.20,526.20,536.55,7261100,464.1129
2009-11-13,512.00,525.00,505.00,520.75,7009600,450.446
2009-11-12,524.00,524.00,507.30,512.05,9179300,442.9206
2009-11-11,508.00,529.50,503.85,526.55,7116100,455.463
2009-11-10,514.90,516.70,500.00,504.65,7627500,436.5196
2009-11-09,502.00,513.00,501.15,509.20,6678500,440.4553
2009-11-06,493.40,507.00,490.00,499.80,8343900,432.3244
2009-11-05,468.50,488.00,458.10,485.75,9770500,420.1712
2009-11-04,457.00,472.00,433.20,469.00,12326500,405.6825
2009-11-03,466.00,475.25,440.05,445.30,6751000,385.1822
2009-11-02,471.50,471.50,471.50,471.50,000,407.845
2009-10-30,480.00,493.00,465.00,471.55,6865700,407.8883
2009-10-29,470.00,477.10,462.20,467.65,11129600,404.5148
2009-10-28,500.00,503.70,477.25,481.30,12594200,416.322
2009-10-27,538.00,538.00,494.65,500.80,10340300,433.1894
2009-10-26,529.00,553.35,526.60,539.85,6863500,466.9674
2009-10-23,551.00,553.80,527.30,529.65,6100500,458.1445
2009-10-22,552.00,556.00,539.35,542.40,6308000,469.1732
2009-10-21,573.90,575.20,550.85,553.15,5125100,478.4719
2009-10-20,568.35,580.65,565.50,575.15,5988500,497.5018
2009-10-19,566.45,566.45,566.45,566.45,000,489.9763
2009-10-16,573.70,574.45,562.30,566.65,5308200,490.1493
2009-10-15,578.90,585.40,570.20,574.65,8202600,497.0693
2009-10-14,549.00,575.70,549.00,571.30,8813700,494.1715
2009-10-13,546.30,546.30,546.30,546.30,000,472.5466
2009-10-12,533.70,549.40,532.70,545.60,7329800,471.9411
2009-10-09,539.70,545.35,529.00,532.55,9948400,460.653
2009-10-08,522.00,538.40,521.10,534.95,9198000,462.729
2009-10-07,517.05,526.60,511.60,516.90,8606900,447.1158
2009-10-06,507.75,513.50,492.60,510.40,8224400,441.4933
2009-10-05,503.15,507.80,494.40,497.00,7002800,429.9024
2009-10-02,510.60,510.60,510.60,510.60,000,441.6663
2009-10-01,508.45,514.90,502.05,510.80,8658100,441.8393
2009-09-30,503.00,514.80,503.00,509.45,5572600,440.6716
2009-09-29,510.00,510.00,502.10,504.05,6358700,436.0006
2009-09-28,499.10,499.10,499.10,499.10,000,431.7189
2009-09-25,508.00,514.35,493.35,498.35,11152900,431.0701
2009-09-24,510.15,517.25,503.55,512.65,9768400,443.4396
2009-09-23,523.00,530.90,518.10,520.60,7530900,450.3163
2009-09-22,516.00,526.60,510.00,522.40,8399400,451.8733
2009-09-21,517.60,517.60,517.60,517.60,000,447.7213
2009-09-18,515.15,533.80,515.00,517.85,11142500,447.9375
2009-09-17,538.00,542.20,518.10,520.95,12448000,450.619
2009-09-16,500.00,533.90,496.55,530.10,19209800,458.5337
2009-09-15,477.80,493.50,477.80,492.45,8276100,425.9667
2009-09-14,465.80,480.70,465.45,478.85,9189300,414.2027
2009-09-11,478.00,499.00,461.55,469.00,8265200,405.6825
2009-09-10,467.90,475.00,461.25,469.90,11365000,406.461
2009-09-09,455.00,464.80,453.20,460.65,8776600,398.4598
2009-09-08,448.80,465.00,444.30,456.50,13208800,394.8701
2009-09-07,434.80,443.25,434.55,441.90,6581000,382.2412
2009-09-04,421.80,432.30,420.20,430.25,8611300,372.164
2009-09-03,427.40,427.40,417.05,420.65,7407700,363.86
2009-09-02,412.00,421.00,407.50,415.10,10591200,359.0593
2009-09-01,429.00,434.00,413.05,417.10,10560500,360.7893
2009-08-31,430.00,437.90,418.65,424.25,13974400,366.974
2009-08-28,433.00,444.00,422.00,438.65,15833100,379.4299
2009-08-27,457.00,458.00,425.00,435.70,17018600,376.8782
2009-08-26,461.40,466.90,458.00,460.20,6678600,398.0706
2009-08-25,452.00,465.40,450.25,457.85,7741700,396.0379
2009-08-24,452.00,460.00,452.00,458.15,5999500,396.2973
2009-08-21,442.00,447.70,434.10,444.95,7080600,384.8794
2009-08-20,435.00,449.40,435.00,442.05,5980700,382.3709
2009-08-19,452.00,456.00,430.00,433.75,10231500,375.1915
2009-08-18,439.00,457.30,430.15,451.70,11771100,390.7181
2009-08-17,451.00,463.70,436.10,437.95,9396900,378.8245
2009-08-14,473.00,482.65,466.55,469.95,11908700,406.5043
2009-08-13,450.00,472.00,449.80,470.25,10466700,406.7638
2009-08-12,456.50,461.00,433.00,443.70,15207400,383.7982
2009-08-11,456.00,467.00,449.60,463.10,9559500,400.5791
2009-08-10,466.00,469.60,447.00,456.05,11816800,394.4809
2009-08-07,446.90,463.50,445.10,456.50,17035800,394.8701
2009-08-06,467.80,478.40,449.50,454.40,13354100,393.0536
2009-08-05,477.00,481.50,462.75,473.30,10985200,409.402
2009-08-04,487.80,492.00,469.00,475.35,12799100,411.1753
2009-08-03,465.15,487.00,465.00,485.20,11066200,419.6955
2009-07-31,464.95,470.80,455.35,462.35,12756100,399.9303
2009-07-30,435.00,457.00,421.40,452.15,19407900,391.1074
2009-07-29,467.30,470.90,426.20,442.35,21829200,382.6304
2009-07-28,462.50,474.80,448.65,471.20,14546600,407.5855
2009-07-27,445.80,460.85,442.20,458.80,12102900,396.8596
2009-07-24,420.00,445.00,419.10,442.50,14808900,382.7602
2009-07-23,403.00,418.80,403.00,415.75,12062800,359.6216
2009-07-22,413.00,424.40,394.50,399.35,19648800,345.4357
2009-07-21,387.00,414.90,376.75,412.15,26418800,356.5076
2009-07-20,398.70,401.05,387.00,391.20,9683100,338.386
2009-07-17,399.00,399.00,385.50,392.35,7822200,339.3807
2009-07-16,399.90,403.80,379.00,384.20,17033900,332.331
2009-07-15,364.50,383.40,362.00,380.90,8283600,329.4765
2009-07-14,346.00,360.00,344.30,357.80,7166700,309.4951
2009-07-13,344.50,346.00,330.10,339.00,9085400,293.2332
2009-07-10,369.80,376.35,343.80,352.90,9799900,305.2566
2009-07-09,361.90,370.00,352.50,364.05,11099300,314.9013
2009-07-08,389.10,392.95,360.00,362.50,12824700,313.5606
2009-07-07,400.25,405.00,385.00,396.50,10760700,342.9704
2009-07-06,432.00,436.75,391.00,396.55,12944100,343.0137
2009-07-03,405.00,443.00,401.00,437.95,18143000,364.9845
2009-07-02,405.00,428.70,397.45,420.40,17134100,350.3585
2009-07-01,392.00,398.40,381.05,395.95,8754000,329.982
2009-06-30,400.00,411.90,386.75,390.65,12941700,325.565
2009-06-29,392.00,404.40,382.50,397.75,9111000,331.4821
2009-06-26,400.00,403.00,380.05,388.55,17427600,323.8149
2009-06-25,409.00,414.00,393.55,399.85,13603900,333.2323
2009-06-24,402.80,409.40,392.15,407.00,8871500,339.191
2009-06-23,390.00,405.00,383.50,400.40,12448500,333.6906
2009-06-22,420.00,421.90,400.35,402.75,10699300,335.6491
2009-06-19,393.00,414.95,392.15,412.55,14341500,343.8163
2009-06-18,415.00,420.40,379.30,388.30,16089800,323.6066
2009-06-17,447.65,451.90,411.15,417.00,12438000,347.5249
2009-06-16,424.00,455.80,410.15,450.70,13330700,375.6103
2009-06-15,450.95,455.00,430.10,433.80,8063100,361.5259
2009-06-12,459.25,472.00,452.25,457.75,14190100,381.4857
2009-06-11,445.00,458.80,437.50,452.50,9538500,377.1104
2009-06-10,449.75,463.75,433.85,439.30,11322200,366.1096
2009-06-09,398.00,448.60,398.00,438.20,12564200,365.1929
2009-06-08,468.00,470.00,409.20,416.45,13929200,347.0666
2009-06-05,475.00,481.50,460.25,463.90,10270700,386.6111
2009-06-04,487.00,487.00,462.70,470.65,11247500,392.2365
2009-06-03,498.80,498.80,478.35,488.10,15299200,406.7792
2009-06-02,444.90,483.80,436.00,474.50,17612600,395.4451
2009-06-01,420.00,446.80,410.20,439.30,12392500,366.1096
2009-05-29,389.90,412.70,385.00,405.35,12137000,337.8159
2009-05-28,378.80,389.90,368.55,384.80,14215900,320.6897
2009-05-27,372.95,378.80,366.20,373.50,8657200,311.2723
2009-05-26,376.80,377.70,357.15,361.85,8428200,301.5633
2009-05-25,363.50,376.70,361.50,368.75,8014200,307.3137
2009-05-22,361.00,374.00,352.15,363.65,12279100,303.0634
2009-05-21,366.00,387.55,357.20,365.65,18097800,304.7302
2009-05-20,325.00,379.00,325.00,371.50,24893200,309.6056
2009-05-19,330.00,351.00,300.00,329.50,22722900,274.603
2009-05-18,320.00,325.00,301.00,318.25,66000,265.2274
2009-05-15,267.00,275.40,266.20,272.00,10100000,226.6829
2009-05-14,258.00,268.75,251.40,264.45,14345800,220.3908
2009-05-13,277.50,277.80,262.30,264.35,15241400,220.3075
2009-05-12,267.10,277.45,258.10,275.55,14930500,229.6415
2009-05-11,285.20,288.80,267.20,270.65,16987300,225.5579
2009-05-08,299.70,302.85,280.15,282.40,18226700,235.3502
2009-05-07,275.00,298.00,272.00,294.35,20781100,245.3093
2009-05-06,287.00,289.50,268.20,270.70,13896300,225.5995
2009-05-05,266.90,288.85,264.50,286.15,16763900,238.4754
2009-05-04,245.00,264.35,244.00,263.20,12599800,219.3491
2009-05-01,238.50,238.50,238.50,238.50,000,198.7643
2009-04-30,238.50,238.50,238.50,238.50,000,198.7643
2009-04-29,237.00,243.60,229.50,238.10,16859500,198.4309
2009-04-28,255.20,257.40,232.00,234.35,11926800,195.3057
2009-04-27,259.00,268.50,251.05,253.75,13582700,211.4735
2009-04-24,264.20,272.00,256.65,261.15,15293200,217.6406
2009-04-23,244.00,266.35,238.65,262.85,16624000,219.0574
2009-04-22,238.10,257.75,237.25,240.90,11429100,200.7644
2009-04-21,252.00,258.95,242.20,244.20,16088700,203.5146
2009-04-20,264.00,268.65,256.10,262.65,11828500,218.8907
2009-04-17,279.85,287.50,253.55,258.20,19126300,215.1821
2009-04-16,299.00,299.00,265.00,269.10,19043500,224.2661
2009-04-15,290.00,297.75,265.10,293.00,18133900,244.1842
2009-04-14,282.00,282.00,282.00,282.00,000,235.0169
2009-04-13,268.10,289.45,266.00,283.15,17672300,235.9753
2009-04-10,265.00,265.00,265.00,265.00,000,220.8492
2009-04-09,247.95,265.80,240.00,261.10,18560900,217.599
2009-04-08,225.10,245.50,221.15,243.05,12109400,202.5562
2009-04-07,236.00,236.00,236.00,236.00,000,196.6808
2009-04-06,229.95,239.65,228.00,235.65,13530800,196.3891
2009-04-02,215.00,230.35,214.50,225.10,13657500,187.5968
2009-04-01,207.05,213.40,202.95,209.80,11916300,174.8459
2009-03-31,199.00,212.00,195.65,205.90,16448800,171.5956
2009-03-30,215.00,221.00,192.35,196.35,15968200,163.6368
2009-03-27,206.35,227.30,206.00,223.20,18856200,186.0133
2009-03-26,198.00,206.95,197.00,205.45,13929300,171.2206
2009-03-25,187.80,196.95,181.75,194.75,14981800,162.3033
2009-03-24,198.00,203.35,186.05,187.35,14527200,156.1362
2009-03-23,181.80,195.95,178.40,194.40,12928300,162.0116
2009-03-20,170.00,178.90,169.00,176.25,8545100,146.8855
2009-03-19,177.80,181.50,169.65,172.95,8842400,144.1353
2009-03-18,174.25,180.35,170.70,176.50,8643800,147.0939
2009-03-17,174.90,175.45,167.00,168.60,8310800,140.5101
2009-03-16,168.90,171.45,162.40,168.70,6656100,140.5934
2009-03-13,159.70,167.75,158.00,167.00,9029800,139.1767
2009-03-12,158.85,158.85,154.00,155.90,5452800,129.926
2009-03-09,155.05,159.15,151.15,152.35,5828600,126.9675
2009-03-06,150.00,159.85,148.70,156.75,6914400,130.6344
2009-03-05,162.90,162.90,150.65,151.80,10073100,126.5091
2009-03-04,158.65,162.90,154.05,156.65,12273500,130.551
2009-03-03,159.50,162.35,154.05,155.25,7218100,129.3843
2009-03-02,170.20,170.75,157.10,159.05,8773600,132.5512
2009-02-27,163.50,175.30,156.15,172.80,14548400,144.0103
2009-02-26,164.00,165.50,159.05,163.05,5228600,135.8848
2009-02-25,168.00,168.00,159.70,162.40,4999800,135.343
2009-02-24,165.00,166.00,158.40,160.75,8172500,133.9679
2009-02-20,169.95,171.70,166.05,168.10,4128700,140.0934
2009-02-19,173.00,175.20,168.40,172.45,5008500,143.7186
2009-02-18,170.90,174.95,168.05,170.75,6243800,142.3019
2009-02-17,182.00,182.40,170.20,171.65,6006600,143.0519
2009-02-16,190.55,196.90,183.00,184.15,6131400,153.4693
2009-02-13,187.00,196.00,187.00,194.15,6152900,161.8033
2009-02-12,188.50,193.00,184.35,185.60,5405700,154.6778
2009-02-11,192.05,193.65,187.10,190.15,7145300,158.4697
2009-02-10,199.50,203.85,194.30,196.85,9518500,164.0534
2009-02-09,187.80,200.85,187.75,199.65,8103300,166.3869
2009-02-06,184.00,187.80,182.00,186.50,4065800,155.4278
2009-02-05,180.60,188.40,180.15,181.80,8187000,151.5109
2009-02-04,172.00,181.00,172.00,179.55,6819500,149.6357
2009-02-03,175.95,177.40,167.60,170.75,5724900,142.3019
2009-02-02,182.90,183.00,171.15,172.50,4752900,143.7603
2009-01-30,184.90,188.35,176.00,184.60,8606300,153.8444
2009-01-29,177.00,186.50,177.00,183.70,11982700,153.0943
2009-01-28,175.00,180.70,167.05,177.20,15780300,147.6773
2009-01-27,170.00,176.65,169.00,171.95,6373900,143.302
2009-01-23,179.00,180.00,165.05,166.30,7424200,138.5933
2009-01-22,192.90,194.00,177.15,179.25,7433300,149.3857
2009-01-21,192.15,193.90,188.00,188.90,6197100,157.428
2009-01-20,204.05,204.40,193.00,195.05,8297100,162.5533
2009-01-19,204.00,211.40,202.10,208.55,5212000,173.8041
2009-01-16,200.00,208.00,191.60,204.05,9292800,170.0539
2009-01-15,206.00,206.00,195.35,197.70,7538600,164.7618
2009-01-14,207.00,215.70,205.50,213.10,5089700,177.5961
2009-01-13,196.10,208.00,191.00,202.50,8430400,168.7621
2009-01-12,212.80,216.45,198.35,200.15,7017600,166.8036
2009-01-09,230.00,236.00,208.20,215.00,8390900,179.1795
2009-01-08,234.50,234.50,234.50,234.50,000,195.4307
2009-01-07,250.10,260.70,230.00,233.75,10024500,194.8057
2009-01-06,245.00,255.00,238.20,247.05,7485500,205.8898
2009-01-05,232.80,248.00,232.60,245.60,7528100,204.6814
2009-01-02,229.55,235.70,227.00,229.60,5315800,191.3471
2009-01-01,218.00,229.70,218.00,228.70,5173400,190.597
2008-12-31,217.00,223.00,214.20,217.20,6190200,181.013
2008-12-30,216.00,220.60,211.55,215.10,5474900,179.2629
2008-12-29,213.90,216.85,202.40,214.80,7880400,179.0129
2008-12-26,219.00,225.90,210.00,212.00,5831000,176.6793
2008-12-25,219.30,219.30,219.30,219.30,000,182.7631
2008-12-24,220.00,221.00,211.10,218.25,5839600,181.8881
2008-12-23,222.70,225.90,214.40,221.50,5824100,184.5966
2008-12-22,226.80,236.75,222.10,224.15,6266400,186.8051
2008-12-19,222.00,234.40,220.85,229.10,8366500,190.9304
2008-12-18,215.45,227.95,205.25,222.45,11746100,185.3883
2008-12-17,232.90,232.90,214.60,219.35,8189300,182.8048
2008-12-16,225.60,229.80,217.80,224.95,8024600,187.4718
2008-12-15,223.00,237.40,222.00,227.20,9868900,189.3469
2008-12-12,214.00,221.90,204.25,218.85,9280600,182.3881
2008-12-11,220.60,225.90,208.55,217.70,12736600,181.4297
2008-12-10,198.00,223.00,197.00,217.85,15661900,181.5547
2008-12-08,187.60,204.95,187.60,196.00,16184700,163.3451
2008-12-05,185.00,188.45,177.40,182.50,11358900,152.0943
2008-12-04,165.00,193.25,162.00,187.20,12974700,156.0112
2008-12-03,150.00,166.20,150.00,164.70,17730000,137.2599
2008-12-02,150.00,150.40,146.50,148.80,3541400,124.0089
2008-12-01,154.80,158.80,151.55,153.40,7541200,127.8425
2008-11-28,151.60,153.90,148.05,151.40,6413900,126.1757
2008-11-26,152.00,157.80,146.05,155.50,8391800,129.5926
2008-11-25,163.00,163.00,149.55,150.70,6573500,125.5923
2008-11-24,137.50,164.00,137.50,155.95,8945400,129.9677
2008-11-21,156.00,164.50,151.25,159.70,9120700,133.0929
2008-11-20,155.00,160.00,152.10,157.20,7298000,131.0094
2008-11-19,168.00,172.90,160.00,161.90,9083000,134.9263
2008-11-18,163.00,171.50,158.10,164.75,9029100,137.3015
2008-11-17,173.60,176.90,157.30,166.30,13005300,138.5933
2008-11-14,190.00,196.00,170.00,171.90,11718400,143.2603
2008-11-12,190.00,193.45,180.10,185.05,10053300,154.2194
2008-11-11,211.30,212.00,190.00,191.10,9472000,159.2614
2008-11-10,192.10,216.40,192.10,214.30,10341800,178.5962
2008-11-07,184.00,195.35,176.05,189.50,12510900,157.928
2008-11-06,209.00,209.00,183.35,186.05,11881500,155.0528
2008-11-05,244.95,254.80,212.20,215.85,6859400,179.8879
2008-11-04,224.50,245.50,215.60,239.70,7743600,199.7643
2008-11-03,223.00,229.90,218.00,225.60,5740500,188.0135
2008-10-31,192.15,214.90,192.15,209.75,7991000,174.8042
2008-10-29,187.80,193.00,177.25,186.85,6462800,155.7195
2008-10-28,180.00,192.00,175.00,182.45,1924800,152.0526
2008-10-27,175.10,182.00,150.00,168.30,7841700,140.2601
2008-10-24,201.00,204.00,173.15,178.00,9590900,148.344
2008-10-23,230.00,235.00,205.00,208.00,9650200,173.3458
2008-10-22,266.85,274.50,238.05,245.05,4829600,204.223
2008-10-21,254.90,281.75,254.50,278.05,6186400,231.725
2008-10-20,254.95,269.40,246.00,252.10,6606900,210.0984
2008-10-17,270.10,279.00,243.15,247.60,6153500,206.3482
2008-10-16,258.95,284.70,250.00,269.10,5986600,224.2661
2008-10-15,298.05,298.05,270.00,272.70,5133700,227.2663
2008-10-14,318.45,328.50,301.75,304.95,3898500,254.1433
2008-10-13,290.05,314.85,290.05,304.00,3969100,253.3515
2008-10-10,317.40,319.70,280.10,287.40,6026800,239.5172
2008-10-08,347.00,349.00,316.05,338.30,5347900,281.9369
2008-10-07,400.00,400.00,340.55,357.75,5660200,298.1464
2008-10-06,384.70,384.70,339.50,350.00,8152500,291.6876
2008-10-03,438.35,438.35,390.05,393.00,5797900,327.5235
2008-10-01,430.00,446.90,425.15,438.35,2547300,365.3179
2008-09-30,440.00,442.00,412.65,427.15,4314500,355.9839
2008-09-29,462.00,466.95,435.30,445.95,1851100,371.6517
2008-09-26,480.00,484.90,458.05,461.85,1999700,384.9026
2008-09-25,500.00,500.00,471.00,484.70,3346300,403.9457
2008-09-24,470.00,488.00,470.00,486.05,1980700,405.0707
2008-09-23,482.10,490.25,468.55,470.25,2443300,391.9031
2008-09-22,489.80,503.40,479.15,494.00,3056300,411.6962
2008-09-19,465.00,485.00,452.25,479.50,3079600,399.612
2008-09-18,464.10,467.40,438.65,459.75,6395800,383.1525
2008-09-17,490.00,494.90,467.10,473.75,3999500,394.82
2008-09-16,488.00,489.00,476.00,486.55,2941400,405.4874
2008-09-15,518.00,518.00,487.45,500.45,2889600,417.0716
2008-09-12,540.00,540.00,520.50,523.65,2609200,436.4063
2008-09-11,537.00,537.00,522.50,526.35,3130800,438.6565
2008-09-10,560.50,565.75,530.00,535.15,4467400,445.9904
2008-09-09,568.00,571.95,560.00,563.60,1947900,469.7004
2008-09-08,574.75,579.40,567.15,569.00,1917300,474.2007
2008-09-05,578.50,578.50,555.00,560.35,4525500,466.9918
2008-09-04,584.95,591.00,578.00,582.75,1214000,485.6599
2008-09-02,589.95,593.95,580.25,589.25,2064200,491.0769
2008-09-01,598.00,598.00,577.00,584.20,2123300,486.8683
2008-08-29,676.00,676.00,581.00,600.70,4656900,500.6193
2008-08-28,589.00,589.00,567.15,571.95,3240500,476.6592
2008-08-27,577.00,588.60,577.00,581.35,3068100,484.4931
2008-08-26,584.00,584.00,570.30,577.75,3105700,481.4929
2008-08-25,601.00,604.50,580.00,585.20,3248100,487.7017
2008-08-22,595.00,597.40,578.40,593.75,5814000,494.8272
2008-08-21,607.80,613.00,582.00,587.65,3434100,489.7435
2008-08-20,603.00,616.00,602.00,605.70,2465300,504.7862
2008-08-19,619.00,619.00,592.30,598.00,2863000,498.3691
2008-08-18,617.00,621.05,599.00,602.85,2153000,502.411
2008-08-14,647.70,647.70,608.00,616.50,2478200,513.7869
2008-08-13,604.90,624.80,600.00,610.40,3238900,508.7032
2008-08-12,652.00,664.70,598.05,607.90,6062000,506.6197
2008-08-11,656.00,665.70,642.10,644.80,2067200,537.3719
2008-08-08,635.00,656.00,635.00,652.45,2048800,543.7474
2008-08-07,645.95,665.90,636.10,644.55,4008000,537.1635
2008-08-06,683.35,688.00,641.80,645.90,4246700,538.2887
2008-08-05,695.00,698.00,655.10,675.90,6588700,563.2905
2008-08-04,679.85,700.00,669.00,691.55,3266300,576.333
2008-08-01,652.35,683.90,645.05,679.85,4272800,566.5823
2008-07-31,629.00,662.80,629.00,655.10,4436600,545.9558
2008-07-30,595.00,634.50,595.00,630.15,4079700,525.1627
2008-07-29,605.00,605.00,577.80,584.45,2660100,487.0766
2008-07-28,614.50,624.00,602.10,604.05,2273700,503.4111
2008-07-25,625.00,639.85,609.00,617.55,4105300,514.6619
2008-07-24,670.00,680.00,619.60,630.90,4888700,525.7878
2008-07-23,641.90,675.95,640.25,667.55,5605100,556.3316
2008-07-22,614.90,636.40,590.30,625.60,4224100,521.3707
2008-07-21,615.00,615.00,581.50,599.05,1998500,499.2442
2008-07-18,600.15,611.00,581.00,592.55,3742300,493.8271
2008-07-17,645.00,665.40,597.00,607.40,4390000,492.8687
2008-07-16,656.00,662.90,617.15,625.25,2749400,507.3529
2008-07-15,664.25,678.50,642.50,647.90,1656800,525.7321
2008-07-14,646.00,699.90,646.00,683.40,2117500,554.5382
2008-07-11,705.40,706.50,658.20,666.05,2306600,540.4597
2008-07-10,681.10,707.90,670.00,698.90,2554900,567.1155
2008-07-09,659.90,679.90,659.90,677.60,2030800,549.8318
2008-07-08,645.00,662.00,630.00,651.95,1825500,529.0184
2008-07-07,644.50,666.00,644.50,651.90,2899300,528.9778
2008-07-04,656.00,667.10,626.40,640.40,4512000,519.6463
2008-07-03,741.00,741.50,651.00,658.05,4082900,533.9682
2008-07-02,715.00,750.00,673.50,740.80,3758500,601.1148
