2008-07-01,722.50,745.00,690.75,697.70,2913300,566.1418
2008-06-30,723.15,744.00,715.10,728.85,3323500,591.4181
2008-06-27,752.25,784.70,711.15,726.75,7706800,589.7141
2008-06-26,745.00,763.90,730.90,756.55,3147200,613.895
2008-06-25,698.90,745.95,680.00,742.60,2554500,602.5754
2008-06-24,745.70,759.70,691.25,711.10,2051800,577.015
2008-06-23,741.00,795.00,730.40,745.75,1798400,605.1315
2008-06-20,825.00,825.00,771.55,777.40,1968100,630.8136
2008-06-19,815.00,832.00,806.50,816.80,1983900,662.7843
2008-06-18,853.00,860.90,818.10,822.55,1580400,667.4501
2008-06-17,847.00,855.90,835.50,850.60,1899600,690.2109
2008-06-16,849.80,865.00,845.15,848.95,1214100,688.8721
2008-06-13,860.00,863.90,836.10,841.00,2217500,682.4211
2008-06-12,831.00,860.00,807.70,855.85,2208700,694.471
2008-06-11,827.50,848.00,825.30,836.70,1608200,678.932
2008-06-10,832.50,832.50,805.00,820.20,1922800,665.5432
2008-06-09,819.40,833.00,790.00,823.20,2546400,667.9775
2008-06-06,853.00,856.80,816.25,824.15,2101100,668.7484
2008-06-05,820.00,849.00,801.00,841.75,2958100,683.0297
2008-06-04,867.00,875.75,810.10,813.75,3464800,660.3094
2008-06-03,860.00,869.75,844.00,861.65,1986800,699.1774
2008-06-02,906.00,915.95,864.00,869.00,1629300,705.1415
2008-05-30,905.40,925.00,894.00,902.80,2067500,732.5681
2008-05-29,908.00,922.80,890.00,896.10,3123200,727.1315
2008-05-28,866.00,909.40,856.40,903.35,1861000,733.0144
2008-05-27,882.30,889.00,853.60,867.00,1579800,703.5186
2008-05-26,895.00,895.00,865.25,874.60,2097000,709.6855
2008-05-23,903.25,917.00,890.50,897.10,2729500,727.9429
2008-05-22,914.35,919.70,901.20,909.15,2263200,737.7208
2008-05-21,891.00,925.50,884.00,922.00,3018100,748.1478
2008-05-20,891.00,909.75,885.00,894.85,1726500,726.1172
2008-05-16,882.00,894.90,871.50,891.15,1877400,723.1149
2008-05-15,881.00,902.00,805.50,881.70,2855700,715.4468
2008-05-14,842.35,893.40,842.35,886.10,3357900,719.0171
2008-05-13,845.85,868.00,844.00,851.40,2002800,690.8601
2008-05-12,837.00,847.00,804.80,842.85,2029900,683.9223
2008-05-09,850.00,857.80,833.00,844.20,2875700,685.0178
2008-05-08,828.00,849.40,801.00,844.90,3343700,685.5858
2008-05-07,820.70,839.00,811.00,823.15,3883100,667.9369
2008-05-06,793.00,824.40,793.00,818.60,2298200,664.2449
2008-05-05,804.00,813.40,786.25,803.90,1535200,652.3167
2008-05-02,821.00,827.00,792.00,797.35,1475400,647.0018
2008-04-30,808.70,823.60,800.10,818.25,1941500,663.9609
2008-04-29,783.00,820.00,779.00,810.40,3190600,657.5911
2008-04-28,813.40,813.40,720.15,778.45,1953400,631.6656
2008-04-25,775.70,805.90,770.20,803.75,1963000,652.195
2008-04-24,800.00,800.00,770.50,776.35,1899200,629.9615
2008-04-23,774.50,803.70,756.20,797.50,3232200,647.1235
2008-04-22,777.00,788.00,765.15,782.40,1684500,634.8708
2008-04-21,730.00,779.00,722.15,776.25,2757900,629.8804
2008-04-17,700.00,722.00,695.00,717.80,1969800,582.4517
2008-04-16,699.80,709.45,687.30,691.15,1070800,560.8269
2008-04-15,694.25,700.00,675.25,692.15,956400,561.6383
2008-04-11,688.80,702.75,672.30,693.25,2063900,562.5309
2008-04-10,671.00,689.00,670.00,684.80,1519300,555.6742
2008-04-09,662.00,684.00,653.25,678.85,2042900,550.8461
2008-04-08,680.50,680.50,653.70,657.05,1560500,533.1567
2008-04-07,666.00,685.00,645.15,680.55,1798500,552.2256
2008-04-04,658.50,680.40,655.05,661.40,2773100,536.6865
2008-04-03,650.00,668.00,638.55,660.15,1977900,535.6722
2008-04-02,685.00,690.00,643.50,648.85,1831800,526.5029
2008-04-01,699.00,702.00,658.85,671.40,1316600,544.8009
2008-03-31,716.00,717.00,688.15,694.35,2085600,563.4234
2008-03-28,659.90,724.95,659.90,716.10,3791300,581.0722
2008-03-27,659.00,670.00,642.15,655.00,2466600,531.4933
2008-03-26,640.00,668.40,624.60,657.70,2515400,533.6842
2008-03-25,600.50,643.00,600.00,635.85,1825400,515.9542
2008-03-24,650.00,650.00,573.50,591.10,2258800,479.6422
2008-03-19,652.05,667.00,635.00,637.85,2259500,517.5771
2008-03-18,650.10,674.00,630.00,639.05,2175600,518.5508
2008-03-17,690.00,699.95,651.10,658.90,2269600,534.6579
2008-03-14,705.00,728.50,700.00,715.10,2677100,580.2608
2008-03-13,765.00,765.00,691.20,696.95,2953000,565.5332
2008-03-12,825.00,830.00,761.00,768.80,2581500,623.8351
2008-03-11,807.80,831.80,801.20,819.15,2469900,664.6912
2008-03-10,765.00,819.00,744.25,812.50,2506500,659.2951
2008-03-07,790.00,796.40,761.25,773.55,1774500,627.6895
2008-03-05,783.90,803.70,778.20,799.20,1856500,648.5029
2008-03-04,784.95,792.00,756.45,777.95,2314200,631.2598
2008-03-03,785.10,803.70,764.00,772.90,1731700,627.1621
2008-02-29,829.90,829.90,779.25,801.75,2751400,650.5721
2008-02-28,818.40,829.00,807.00,824.30,1995300,668.8701
2008-02-27,820.00,833.90,807.10,812.25,2088500,659.0922
2008-02-26,810.00,820.70,802.25,809.60,1970000,656.9419
2008-02-25,804.70,812.00,778.05,809.15,1733400,656.5768
2008-02-22,792.70,817.50,792.70,804.70,2098000,652.9659
2008-02-21,780.00,810.00,780.00,805.80,1753000,653.8584
2008-02-20,765.10,817.00,765.10,772.45,1639800,626.7969
2008-02-19,829.90,837.00,810.00,812.95,1370100,659.6602
2008-02-18,824.40,846.00,808.25,821.20,2363900,666.3546
2008-02-15,765.00,821.10,765.00,818.15,2298000,663.8797
2008-02-14,779.00,790.70,769.00,778.40,1403900,631.625
2008-02-13,727.70,762.40,719.00,758.10,1814900,615.1527
2008-02-12,732.00,749.00,702.00,710.30,1105200,576.3659
2008-02-11,730.10,752.00,714.10,726.70,1047900,589.6735
2008-02-08,782.00,782.00,741.65,751.35,1128900,609.6755
2008-02-07,795.00,814.60,765.10,771.80,1684600,626.2695
2008-02-06,790.00,818.00,786.25,798.85,1651400,648.2189
2008-02-05,804.00,821.00,778.50,817.05,2395400,662.9871
2008-02-04,777.00,816.95,777.00,802.15,2096800,650.8967
2008-02-01,740.00,781.00,738.05,776.45,2181600,630.0427
2008-01-31,726.00,745.40,692.90,738.60,2415800,599.3296
2008-01-30,716.00,740.00,710.05,723.30,1350500,586.9146
2008-01-29,714.00,721.40,697.20,715.20,944900,580.342
2008-01-28,704.00,704.00,669.00,696.70,824300,565.3303
2008-01-25,700.00,719.00,675.00,715.05,1475100,580.2202
2008-01-24,715.00,740.00,651.20,670.75,2540700,544.2735
2008-01-23,710.00,723.95,685.00,698.55,2256200,566.8315
2008-01-22,696.00,859.60,538.00,670.65,3592100,544.1923
2008-01-21,777.00,780.00,626.00,721.60,3760200,585.5352
2008-01-18,810.65,818.80,770.25,782.50,2109900,634.9519
2008-01-17,829.50,829.50,805.00,810.75,3258500,657.8751
2008-01-16,860.00,860.00,802.25,818.00,2950100,663.758
2008-01-15,859.00,863.90,836.00,852.10,1756900,691.4281
2008-01-14,921.50,921.50,833.15,838.20,1622100,680.1491
2008-01-11,854.15,865.75,831.50,853.30,1342900,692.4018
2008-01-10,920.00,920.00,850.00,854.15,1391800,693.0916
2008-01-09,885.00,907.40,875.90,893.80,1238900,725.2652
2008-01-08,935.00,937.65,876.65,891.30,2172000,723.2366
2008-01-07,913.00,949.00,913.00,925.80,920000,751.2312
2008-01-04,939.70,943.15,924.10,931.35,934600,755.7347
2008-01-03,939.00,939.00,917.60,926.15,1490200,751.5153
2008-01-02,935.00,940.00,900.65,933.55,1518500,757.5199
2008-01-01,939.00,957.00,928.90,932.25,1361000,756.465
2007-12-31,935.00,947.25,906.10,935.40,1530900,759.0211
2007-12-28,870.65,936.50,870.65,931.35,2188300,755.7347
2007-12-27,906.00,913.25,891.00,905.10,3096900,734.4344
2007-12-26,875.40,897.90,868.40,892.80,1364600,724.4537
2007-12-24,839.00,867.35,832.00,864.35,1833300,701.3682
2007-12-20,829.95,835.90,821.00,824.25,1675000,668.8295
2007-12-19,826.90,843.40,802.35,824.30,2281100,668.8701
2007-12-18,844.90,844.90,813.40,817.20,2485000,663.1089
2007-12-17,877.00,885.00,815.00,823.35,1635400,668.0992
2007-12-14,894.50,908.90,873.05,877.05,3273200,711.6735
2007-12-13,870.00,899.95,866.25,890.05,4198500,722.2223
2007-12-12,835.40,867.00,825.50,864.80,4342700,701.7334
2007-12-11,838.40,851.00,832.50,836.30,1543600,678.6074
2007-12-10,832.00,841.00,830.00,833.30,843300,676.173
2007-12-07,856.00,864.00,826.20,832.05,1358800,675.1587
2007-12-06,875.00,879.40,843.60,848.15,928500,688.2229
2007-12-05,875.00,882.90,857.50,865.50,2103200,702.3014
2007-12-04,844.00,877.00,844.00,872.60,2261900,708.0626
2007-12-03,830.00,845.00,828.00,842.20,859200,683.3949
2007-11-30,805.00,829.50,805.00,825.90,1034800,670.1684
2007-11-29,832.00,847.50,790.05,798.25,2433400,647.7321
2007-11-28,890.00,899.90,805.00,816.60,1524200,662.622
2007-11-27,850.00,862.90,841.35,848.90,1529100,688.8315
2007-11-26,839.50,857.50,812.65,850.45,1699400,690.0893
2007-11-23,800.65,880.00,790.00,817.65,928100,663.474
2007-11-22,899.90,899.90,784.75,818.05,1898200,663.7986
2007-11-21,862.00,878.00,813.00,825.05,1654700,669.4787
2007-11-20,863.15,888.00,850.00,859.30,2567300,697.2705
2007-11-19,860.00,880.00,846.10,862.80,1144400,700.1105
2007-11-16,860.00,860.00,796.00,843.50,1191500,684.4497
2007-11-15,921.00,935.00,853.10,859.85,1845400,697.7168
2007-11-14,852.30,869.95,851.00,858.05,1361300,696.2562
2007-11-13,813.95,848.00,810.00,833.95,1524900,676.7005
2007-11-12,818.00,823.00,791.55,813.95,2465300,660.4717
2007-11-09,860.00,860.00,820.00,834.00,218800,676.7411
2007-11-08,859.90,861.00,840.00,848.00,795300,688.1012
2007-11-07,860.35,879.90,855.10,862.45,810300,699.8265
2007-11-06,889.90,895.40,852.20,860.35,1057500,698.1225
2007-11-05,895.00,900.00,875.10,879.15,1289700,713.3776
2007-11-02,865.00,900.80,774.90,897.45,1331200,728.2269
2007-11-01,925.00,928.90,873.00,885.65,2145400,718.652
2007-10-31,901.00,922.00,896.00,905.80,1689700,735.0024
2007-10-30,905.00,914.50,892.65,901.90,2118700,731.8379
2007-10-29,890.00,938.40,890.00,902.50,3865400,732.3247
2007-10-26,881.567,926.383,854.12,873.125,6338900,708.4886
2007-10-25,811.381,885.235,807.934,874.142,8853800,709.3139
2007-10-24,799.978,819.381,791.315,809.923,3144200,657.204
2007-10-23,750.477,795.293,749.593,790.652,2185900,641.5667
2007-10-22,716.886,768.156,716.886,740.311,2156200,600.718
2007-10-19,724.842,769.924,690.412,753.261,3846600,611.2262
2007-10-18,774.343,800.862,716.886,738.234,2436500,599.0327
2007-10-17,764.62,785.304,707.163,765.592,3749600,621.232
2007-10-16,804.398,816.773,786.94,802.763,2711600,651.3941
2007-10-15,758.432,812.309,756.664,806.166,4160300,654.1554
2007-10-12,746.941,786.94,738.322,751.67,3211600,609.9352
2007-10-11,751.272,763.206,742.521,751.891,1810400,610.1145
2007-10-10,744.643,757.548,742.167,749.681,2104700,608.3213
2007-10-09,702.743,741.637,679.76,738.632,2937500,599.3556
2007-10-08,740.665,750.256,685.064,697.926,2969600,566.3252
2007-10-05,768.995,773.459,726.61,737.217,2094000,598.2074
2007-10-04,743.405,774.564,733.77,764.62,3878600,620.4433
2007-10-03,750.167,762.675,711.583,742.963,2578800,602.87
2007-10-01,755.78,759.228,737.35,743.847,3512300,603.5873
2007-09-28,712.467,767.67,707.163,751.803,9921100,610.0431
2007-09-27,662.965,716.003,662.965,702.743,8928400,570.2338
2007-09-26,664.203,674.457,658.634,664.601,2121900,539.2839
2007-09-25,661.197,674.81,648.026,657.662,2800600,533.6533
2007-09-24,660.313,668.711,652.181,662.479,1697000,537.562
2007-09-21,652.358,662.965,651.606,654.523,1908700,531.1062
2007-09-20,658.545,664.601,650.148,653.728,2069200,530.4611
2007-09-19,637.596,660.313,637.331,658.545,3877100,534.3698
2007-09-18,624.955,630.259,620.535,627.917,1505500,509.517
2007-09-17,623.187,631.938,620.668,623.762,2009600,506.1455
2007-09-14,629.375,639.982,619.298,622.082,2716500,504.7823
2007-09-13,631.143,634.546,621.552,624.557,1895900,506.7906
2007-09-12,632.027,635.032,627.607,628.977,3049200,510.3772
2007-09-11,614.834,629.021,614.436,626.502,4580700,508.3689
2007-09-10,601.089,617.486,597.685,612.757,2617800,497.2156
2007-09-07,614.348,623.187,605.597,608.425,3079100,493.7004
2007-09-06,605.508,614.348,597.597,612.315,2096100,496.857
2007-09-05,608.16,615.232,597.862,602.901,3860500,489.2181
2007-09-04,614.348,618.723,601.575,604.448,3022100,490.4734
2007-09-03,609.928,620.977,607.276,611.342,3491200,496.0674
2007-08-31,583.409,612.403,583.409,609.663,6334900,494.705
2007-08-30,592.249,601.089,578.106,581.111,6354900,471.5368
2007-08-29,528.825,586.857,521.533,583.365,7627200,473.3658
2007-08-28,535.146,543.101,526.129,535.499,1933500,434.5254
2007-08-27,518.881,534.615,517.997,532.936,1954100,432.4456
2007-08-24,496.782,519.411,495.014,515.257,1997600,418.1002
2007-08-23,511.809,518.35,490.152,494.837,2118600,401.5306
2007-08-22,486.175,507.389,477.379,503.235,2632900,408.3451
2007-08-21,508.273,519.765,480.075,482.904,2165300,391.8477
2007-08-20,487.942,508.008,487.942,503.235,2905800,408.3451
2007-08-17,504.738,506.505,466.286,481.224,11841000,390.4845
2007-08-16,531.742,550.173,505.842,508.671,6890600,412.756
2007-08-14,569.266,574.393,565.112,566.659,1185100,459.8098
2007-08-13,566.614,574.658,565.73,568.338,1049000,461.1723
2007-08-10,564.316,566.614,552.471,561.266,2321000,455.4337
2007-08-09,581.642,596.669,571.034,576.647,2984500,467.9145
2007-08-08,579.874,579.874,567.94,574.923,1514200,466.5156
2007-08-07,578.99,583.409,563.123,565.554,1859000,458.9132
2007-08-06,544.56,578.945,544.56,573.995,1689800,465.7626
2007-08-03,565.73,578.813,565.73,576.647,1394200,467.9145
2007-08-02,559.498,570.062,550.792,565.377,1547800,458.7696
2007-08-01,577.178,577.222,548.979,551.366,2905600,447.4005
2007-07-31,571.83,583.233,567.763,580.095,2129200,470.7123
2007-07-30,578.99,596.669,561.311,568.78,3640000,461.5309
2007-07-27,614.348,616.292,571.167,575.984,2994500,467.3765
2007-07-26,629.375,634.59,616.116,621.994,1505300,504.7109
2007-07-25,636.889,641.485,620.712,627.077,2272000,508.8355
2007-07-24,639.452,647.408,626.723,637.994,3278000,517.6939
2007-07-23,629.375,642.281,627.607,637.375,4221000,517.1916
2007-07-20,604.624,636.447,604.624,632.159,5701200,512.9592
2007-07-19,606.392,612.492,599.895,603.298,1218600,489.5402
2007-07-18,602.856,610.812,583.63,603.564,1917400,489.7561
2007-07-17,613.552,620.535,595.829,602.017,1736100,488.5008
2007-07-16,618.458,629.331,606.392,614.171,2664100,498.363
2007-07-13,594.017,618.326,594.017,615.055,3118100,499.0803
2007-07-12,585.222,595.785,583.409,594.017,2045600,482.0092
2007-07-11,556.935,584.293,554.239,579.432,3678700,470.1744
2007-07-10,556.007,563.962,551.764,560.471,2109000,454.7887
2007-07-09,554.239,558.659,549.908,553.753,1344300,449.3374
2007-07-06,555.698,561.753,548.935,550.968,1865800,447.0775
2007-07-05,548.537,556.891,543.19,555.211,3409500,450.5205
2007-07-04,533.024,546.991,529.488,544.825,2650600,442.0929
2007-07-03,525.068,535.499,522.417,531.035,1789900,430.9031
2007-07-02,528.074,538.063,523.477,524.582,1223500,425.6669
2007-06-29,523.301,531.963,522.726,528.074,732000,428.5004
2007-06-28,523.301,529.886,519.853,524.627,1708000,425.7034
2007-06-27,532.14,533.422,520.472,523.875,1473700,425.0932
2007-06-26,529.488,539.963,528.339,534.041,1178600,433.3423
2007-06-25,530.151,533.687,524.361,530.505,1042600,430.473
2007-06-22,531.566,542.748,523.743,530.505,1221600,430.473
2007-06-21,538.947,544.957,535.234,539.035,1491600,437.3946
2007-06-20,543.632,545.223,534.792,538.681,1388900,437.1074
2007-06-19,519.765,545.399,517.113,541.024,2238800,439.0086
2007-06-18,530.77,538.284,518.439,520.781,1716200,422.5826
2007-06-15,543.808,548.051,526.792,530.77,1762200,430.6881
2007-06-14,524.229,547.698,524.229,544.294,2703900,441.662
2007-06-13,533.333,541.864,524.671,527.588,5020900,428.1061
2007-06-12,512.693,538.107,512.693,533.333,6292300,432.7678
2007-06-11,525.068,525.466,509.732,512.782,1487400,416.0919
2007-06-08,532.14,532.14,515.345,517.688,2095600,420.0728
2007-06-07,539.212,553.178,534.836,543.587,2554000,428.5109
2007-06-06,569.266,569.62,544.515,546.549,1471600,430.8459
2007-06-05,563.078,571.83,563.078,567.233,1711100,447.1511
2007-06-04,563.078,570.018,560.559,564.051,1642300,444.6428
2007-06-01,561.399,570.813,559.233,561.399,1709200,442.5522
2007-05-31,578.106,578.106,553.443,558.791,2864500,440.4963
2007-05-30,591.851,591.851,551.587,554.062,3505200,436.7684
2007-05-29,555.123,560.338,549.20,557.51,1902800,439.4865
2007-05-28,589.465,589.465,552.471,553.753,2024800,436.5248
2007-05-25,554.681,556.449,546.283,550.747,4627300,434.1552
2007-05-24,574.57,578.017,555.167,558.394,4690900,440.1833
2007-05-23,556.891,586.68,552.515,583.10,8702400,459.6591
2007-05-22,532.626,562.902,532.626,555.786,3168000,438.1275
2007-05-21,524.627,553.709,524.317,550.482,5543900,433.9463
2007-05-18,525.731,527.278,514.991,522.77,2814800,412.1009
2007-05-17,525.952,537.886,521.533,528.825,7682100,416.874
2007-05-16,525.422,526.571,515.61,520.737,2593800,410.4982
2007-05-15,526.836,528.472,519.897,523.522,3465100,412.6936
2007-05-14,508.318,526.085,508.318,523.212,3442500,412.4493
2007-05-11,506.505,508.892,497.136,503.50,2891900,396.9103
2007-05-10,499.434,517.113,499.434,509.511,7343200,401.6487
2007-05-09,487.50,499.39,487.058,497.091,2775900,391.858
2007-05-08,489.092,499.434,486.616,489.136,3028500,385.5871
2007-05-07,490.771,499.434,486.661,488.34,2132500,384.9596
2007-05-04,495.014,500.804,487.412,489.18,3166700,385.6218
2007-05-03,490.594,494.881,477.556,492.274,4811900,388.0608
2007-04-30,472.031,487.942,468.584,485.688,3768900,382.869
2007-04-27,495.014,495.014,472.915,474.904,3532700,374.368
2007-04-26,508.273,511.809,492.451,495.456,4138100,390.5692
2007-04-25,517.113,517.113,498.196,504.87,5383700,397.9902
2007-04-24,492.362,517.953,488.384,512.472,11847000,403.9829
2007-04-23,476.628,495.014,474.33,492.451,7944400,388.2003
2007-04-20,410.155,474.241,410.155,471.457,7902300,371.6507
2007-04-19,424.519,449.711,424.519,447.104,4612300,352.4532
2007-04-18,450.816,459.126,417.491,452.142,14761300,356.4246
2007-04-17,473.313,478.219,463.324,466.683,6036400,367.8873
2007-04-16,459.302,474.683,456.12,472.473,9651300,372.4516
2007-04-13,442.021,455.59,441.181,451.877,7700200,356.2157
2007-04-12,454.22,457.888,437.159,438.485,6306300,345.6588
2007-04-11,441.667,459.126,441.667,452.142,8781000,356.4246
2007-04-10,439.325,443.656,434.286,438.087,8275400,345.345
2007-04-09,413.823,438.441,412.939,436.187,8042500,343.8473
2007-04-05,387.172,415.458,387.172,411.48,8754800,324.3707
2007-04-04,384.52,390.442,381.868,387.172,1997100,305.2086
2007-04-03,377.89,383.017,374.885,381.117,1731100,300.4355
2007-04-02,389.824,393.978,372.365,374.708,2990200,295.3832
2007-03-30,390.796,398.663,386.818,397.47,3638700,313.3266
2007-03-29,389.824,393.89,383.194,388.895,3125800,306.5669
2007-03-28,389.824,397.337,386.332,390.133,2838200,307.5428
2007-03-26,387.437,394.597,387.437,390.531,2889000,307.8565
2007-03-23,397.691,397.691,385.846,387.437,1924800,305.4175
2007-03-22,384.52,392.033,383.106,390.752,2681700,308.0308
2007-03-21,384.52,384.52,374.001,380.233,2517900,299.7386
2007-03-20,381.868,385.315,372.675,374.31,2416700,295.0695
2007-03-19,383.636,385.315,378.907,380.012,1630300,299.5644
2007-03-16,384.52,388.94,373.515,380.586,1883500,300.0169
2007-03-15,384.52,392.917,380.807,382.973,1952400,301.8985
2007-03-14,381.868,384.343,375.68,380.056,2801800,299.5991
2007-03-13,386.288,396.453,386.288,393.138,2600600,309.9116
2007-03-12,386.907,389.824,380.409,384.962,2483600,303.4665
2007-03-09,380.056,388.94,373.028,383.459,5902300,302.2817
2007-03-08,368.609,379.216,352.83,378.111,4737700,298.0658
2007-03-07,373.205,378.067,358.134,365.294,4098600,287.9621
2007-03-06,374.796,379.216,357.338,370.598,5131100,292.1433
2007-03-05,390.089,390.089,367.062,371.924,5104800,293.1886
2007-03-02,402.199,411.613,388.94,391.989,6530800,309.0059
2007-03-01,393.978,401.669,389.912,398.751,3979400,314.3364
2007-02-28,389.824,410.862,388.232,391.15,6413800,308.3445
2007-02-27,415.635,423.944,413.469,414.574,5742200,326.8097
2007-02-26,408.652,419.878,405.735,415.458,6931400,327.5066
2007-02-23,403.26,412.718,401.403,406.84,7028100,320.713
2007-02-22,405.735,409.713,398.751,401.934,6922200,316.8455
2007-02-21,393.89,405.072,390.045,402.199,3314700,317.0544
2007-02-20,395.127,399.812,391.591,392.785,2693200,309.6334
2007-02-19,393.359,395.569,386.907,392.122,1761000,309.1107
2007-02-15,393.359,395.127,389.028,390.928,2232000,308.1695
2007-02-14,384.52,391.503,376.785,387.658,5621600,305.5917
2007-02-13,392.475,396.011,380.10,382.177,4812500,301.2711
2007-02-12,400.873,405.47,391.194,392.299,5005000,309.2503
2007-02-09,409.271,410.508,398.928,400.696,2347200,315.8696
2007-02-08,411.038,411.038,405.072,408.961,1995000,322.3849
2007-02-07,412.32,414.751,407.945,410.641,3023400,323.7093
2007-02-06,417.226,419.878,409.624,410.95,3904800,323.9529
2007-02-05,409.271,417.624,402.597,415.458,4812200,327.5066
2007-02-02,426.95,426.95,406.044,408.961,11344800,322.3849
2007-02-01,415.37,417.226,399.193,404.32,13341600,318.7264
2007-01-31,454.352,476.451,407.591,410.95,22592100,323.9529
2007-01-29,452.319,460.451,446.573,458.993,7565000,361.8253
2007-01-25,428.718,453.026,428.055,450.905,10556700,355.4495
2007-01-24,412.63,428.718,410.95,425.005,4461100,335.0325
2007-01-23,417.447,417.447,408.917,410.685,1287800,323.744
2007-01-22,416.342,420.276,411.48,416.652,1718800,328.4478
2007-01-19,424.298,424.298,409.403,413.514,2656600,325.9741
2007-01-18,428.718,431.193,418.375,420.541,2338200,331.5135
2007-01-17,428.32,434.905,425.314,427.922,1937900,337.3319
2007-01-16,431.369,436.143,425.182,426.463,2677000,336.1818
2007-01-15,415.458,431.193,413.956,429.602,2719900,338.6563
2007-01-12,410.994,416.077,410.155,413.823,1712700,326.2177
2007-01-11,400.652,410.066,398.751,408.475,1111500,322.0018
2007-01-10,401.315,407.414,397.868,399.591,1878200,314.9986
2007-01-09,414.574,414.574,400.873,402.155,1797100,317.0198
2007-01-08,417.447,417.447,408.387,410.11,1507300,323.2907
2007-01-05,411.922,417.226,404.541,414.265,3435400,326.5661
2007-01-04,418.508,419.878,407.149,411.746,2032400,324.5804
2007-01-03,423.414,425.845,415.547,416.74,1643700,328.5171
2007-01-02,425.182,432.077,419.966,423.149,1170000,333.5694
2006-12-29,422.53,429.16,421.911,426.287,1929400,336.0431
2006-12-28,426.861,431.193,419.215,421.16,4548900,332.0015
2006-12-27,423.856,428.187,421.646,425.27,2209400,335.2414
2006-12-26,430.309,431.679,418.11,422.309,1923200,332.9072
2006-12-22,414.574,424.298,412.099,423.06,2228900,333.4992
2006-12-21,411.922,418.11,407.503,414.044,2488900,326.3919
2006-12-20,406.619,418.994,398.663,411.127,4625500,324.0924
2006-12-19,414.574,420.232,399.193,402.243,3695600,317.0891
2006-12-18,411.038,415.458,402.199,413.823,3523700,326.2177
2006-12-15,390.708,408.21,387.172,405.867,6587700,319.9459
2006-12-14,392.829,392.829,382.531,385.227,4540300,303.6754
2006-12-13,390.619,393.183,375.459,385.89,7676700,304.198
2006-12-12,400.298,409.889,383.636,390.177,6005600,307.5775
2006-12-11,427.834,432.74,375.769,401.182,7770100,316.2527
2006-12-08,435.789,435.789,422.53,428.452,2582000,337.7497
2006-12-07,433.137,438.883,428.718,434.949,1970900,342.8714
2006-12-06,437.557,443.745,427.259,434.065,4743900,342.1745
2006-12-05,419.613,437.557,416.431,435.833,4511200,343.5682
2006-12-04,416.961,418.331,412.895,414.177,925900,326.4967
2006-12-01,415.458,418.11,412.364,413.823,1145000,326.2177
2006-11-30,424.033,425.138,412.011,413.602,5051400,326.0435
2006-11-29,424.033,426.066,419.878,421.999,1432000,332.6628
2006-11-28,424.254,424.254,408.696,420.762,1749700,331.6877
2006-11-27,429.602,432.872,424.74,426.375,1948100,336.1124
2006-11-24,416.342,429.557,415.591,427.038,4047300,336.6351
2006-11-23,423.149,424.298,414.795,416.386,2721100,328.2381
2006-11-22,424.342,424.342,412.674,418.154,2404000,329.6318
2006-11-21,410.508,422.972,408.387,420.497,4224700,331.4788
2006-11-20,419.878,421.071,405.337,408.652,4030900,322.1414
2006-11-17,428.718,430.132,418.64,421.071,3169600,331.9313
2006-11-16,432.253,437.027,424.298,426.331,5065700,336.0778
2006-11-15,434.463,435.789,428.718,429.778,2073600,338.7951
2006-11-14,440.209,442.861,433.226,434.596,2053900,342.5931
2006-11-13,445.513,446.397,438.485,439.413,1357000,346.3903
2006-11-10,446.397,446.75,439.723,444.01,2329100,350.0142
2006-11-09,440.562,446.352,435.082,443.833,3291700,349.8746
2006-11-08,439.325,443.656,431.856,436.806,3995300,344.3352
2006-11-07,448.209,452.584,437.557,439.502,4576900,346.4605
2006-11-06,437.469,449.756,434.596,447.634,3509000,352.871
2006-11-03,434.463,437.557,428.408,435.48,2676800,343.2899
2006-11-02,433.226,437.955,429.204,430.309,2352500,339.2136
2006-11-01,437.999,438.441,431.59,433.049,2756400,341.3736
2006-10-31,445.513,446.131,430.706,433.535,3637900,341.7567
2006-10-30,441.80,446.397,438.75,440.342,2375300,347.1227
2006-10-27,446.22,449.269,439.502,442.463,4322100,348.7947
2006-10-26,451.921,451.921,440.784,442.463,5788300,348.7947
2006-10-23,455.236,458.507,448.209,449.756,1853100,354.5438
2006-10-20,449.932,460.451,445.955,449.402,8047500,354.2647
2006-10-19,453.38,453.38,440.784,443.877,3691000,349.9093
2006-10-18,459.656,461.424,446.927,449.932,7219700,354.6825
2006-10-17,455.236,458.242,450.816,455.811,2789400,359.3169
2006-10-16,455.236,459.391,451.347,452.363,2074000,356.5989
2006-10-13,459.656,462.131,450.374,452.319,2784200,356.5642
2006-10-12,448.606,457.446,446.397,456.341,2486800,359.7347
2006-10-11,457.004,463.192,446.573,448.253,3073200,353.3589
2006-10-10,468.451,472.031,456.12,457.80,6483100,360.8848
2006-10-09,475.302,475.567,463.634,465.225,4103300,366.738
2006-10-06,479.103,483.876,471.368,474.33,4244400,373.9155
2006-10-05,470.926,485.025,468.495,475.037,2380700,374.4728
2006-10-04,473.799,476.186,461.424,462.971,2380900,364.9612
2006-10-03,475.921,479.368,471.324,472.871,2138700,372.7654
2006-09-29,464.076,474.993,462.308,473.49,5400000,373.2533
2006-09-28,458.772,462.219,453.557,458.816,3135700,361.6858
2006-09-27,456.12,461.822,453.999,456.429,2873100,359.8041
2006-09-26,450.728,455.325,447.546,453.512,2963300,357.5046
2006-09-25,441.093,453.91,434.507,448.783,5582700,353.7767
2006-09-22,443.745,448.076,435.833,439.148,2867700,346.1814
2006-09-21,444.629,447.06,441.977,444.585,2287900,350.4674
2006-09-20,437.115,441.093,428.231,438.574,2503400,345.729
2006-09-19,443.303,447.723,428.718,431.635,3355900,340.2589
2006-09-18,446.397,448.032,439.502,440.518,2140800,347.2614
2006-09-15,447.281,449.048,439.767,445.778,2296500,351.4079
2006-09-14,449.579,450.905,444.187,449.093,2000600,354.0211
2006-09-13,449.932,451.568,441.579,443.701,2240800,349.7706
2006-09-12,438.264,445.071,428.718,442.861,3637800,349.1084
2006-09-11,465.755,466.683,434.949,439.06,3234400,346.1121
2006-09-08,463.899,468.319,459.833,464.473,2723600,366.1452
2006-09-07,460.54,463.899,453.822,461.601,2798000,363.8812
2006-09-06,455.236,462.971,455.236,461.07,3883700,363.4626
2006-09-05,448.165,455.148,444.187,454.264,3266900,358.0974
2006-09-04,446.397,450.816,443.17,447.369,1724900,352.6621
2006-09-01,435.436,446.176,434.994,443.612,2957600,349.7004
2006-08-31,449.137,452.319,437.557,438.662,5106600,345.7983
2006-08-30,457.888,457.888,446.618,448.032,4526400,353.1847
2006-08-29,468.495,473.711,454.75,457.225,3163700,360.4316
2006-08-28,466.551,469.821,464.12,466.33,1994600,367.6091
2006-08-25,459.744,470.705,459.656,464.739,4102300,366.3549
2006-08-24,446.397,459.612,442.154,457.402,3364300,360.5711
2006-08-23,454.352,460.407,445.159,446.839,2701300,352.2443
2006-08-22,452.938,460.451,452.363,455.634,2628000,359.1774
2006-08-21,450.816,452.496,444.717,449.093,3699300,354.0211
2006-08-18,457.269,458.772,449.181,453.468,2889100,357.4699
2006-08-17,474.683,474.683,456.562,458.463,3496300,361.4075
2006-08-16,474.683,479.81,468.142,470.661,2592500,371.0232
2006-08-14,465.844,473.269,465.844,469.998,1911800,370.5006
2006-08-11,457.888,467.612,453.557,464.385,4043000,366.0758
2006-08-10,457.446,461.424,451.303,456.253,2406700,359.6653
2006-08-09,457.004,463.015,447.723,456.916,3647900,360.188
2006-08-08,446.397,452.982,446.397,451.833,2108800,356.1811
2006-08-07,450.772,453.026,443.833,445.38,3065200,351.0941
2006-08-04,450.816,461.777,446.573,451.258,5473800,355.7278
2006-08-03,457.004,459.656,446.883,450.551,3249600,355.1704
2006-08-02,438.441,454.352,435.878,451.745,3959500,356.1117
2006-08-01,436.054,441.446,430.485,438.795,3111000,345.9032
2006-07-31,441.977,449.932,435.966,438.618,3670500,345.7636
2006-07-28,358.001,450.507,358.001,439.944,4501700,346.8089
2006-07-27,441.093,443.745,430.132,439.988,4655800,346.8436
2006-07-26,437.557,445.247,431.502,438.839,4306700,345.9378
2006-07-25,428.806,439.767,428.718,438.087,5071800,345.345
2006-07-24,421.646,425.889,407.635,423.414,5010700,333.7783
2006-07-21,430.485,430.751,412.011,426.994,8138300,336.6004
2006-07-20,415.458,433.933,407.503,430.53,5134500,339.3878
2006-07-19,431.369,433.933,403.569,406.795,4019800,320.6775
2006-07-18,437.115,441.535,419.038,422.309,3912500,332.9072
2006-07-17,452.584,452.584,434.994,437.071,3628200,344.5441
2006-07-14,452.584,454.573,444.629,452.01,3368300,356.3206
2006-07-13,461.424,467.435,451.70,459.037,4775300,361.86
2006-07-12,441.977,461.777,441.977,459.612,6108700,362.3133
2006-07-11,468.495,468.495,450.816,454.794,5184700,358.5152
2006-07-10,462.75,468.937,451.966,466.33,6517700,367.6091
2006-07-07,490.594,493.997,456.783,462.219,6479800,364.3684
2006-07-06,486.175,500.406,477.335,483.832,7123300,381.4059
2006-07-05,473.446,499.434,468.495,498.24,7554800,392.7638
2006-07-04,481.755,485.291,473.446,475.39,5689300,374.7511
2006-07-03,474.683,481.666,443.082,479.324,4328900,377.8523
2006-06-30,461.424,477.291,459.656,471.722,5660500,371.8596
2006-06-29,468.495,477.335,446.706,450.551,5670200,355.1704
