2006-06-28,415.458,459.126,415.458,454.617,6048000,358.3757
2006-06-27,441.093,464.076,422.618,458.374,12968000,361.3373
2006-06-26,481.755,482.639,433.137,439.104,9463000,346.1467
2006-06-23,428.718,461.291,417.668,453.115,6425000,357.1916
2006-06-22,433.137,441.888,426.154,432.695,3235200,341.0945
2006-06-21,412.806,426.066,403.967,422.441,3373300,333.0113
2006-06-20,415.458,418.022,401.315,411.79,5565000,324.6151
2006-06-19,416.519,426.817,403.171,421.116,5449600,331.9668
2006-06-16,371.482,418.994,371.482,406.884,9302000,320.7476
2006-06-15,351.814,367.636,347.394,365.78,6537300,288.3453
2006-06-14,350.93,362.421,332.057,339.571,5659000,267.6847
2006-06-13,372.586,372.586,340.322,343.062,5430000,270.4366
2006-06-12,396.011,406.619,372.586,377.316,5139900,297.4391
2006-06-09,375.68,407.414,372.145,403.127,4983900,317.786
2006-06-08,406.619,406.619,369.581,375.592,5866300,296.0801
2006-06-07,418.243,430.883,397.779,407.414,6384100,321.1654
2006-06-06,424.342,443.303,417.491,424.607,5998900,334.7187
2006-06-05,469.468,477.335,433.491,437.027,5188400,344.5094
2006-06-02,433.137,461.424,425.182,457.711,6289200,360.8147
2006-06-01,468.495,470.617,424.519,432.209,6323200,340.7114
2006-05-31,475.567,475.567,435.48,457.181,7467500,360.3969
2006-05-30,502.793,502.793,477.335,483.523,4676200,381.1624
2006-05-29,481.755,503.854,476.451,496.915,6685600,391.7193
2006-05-26,456.12,492.362,450.816,476.407,8876900,375.5528
2006-05-25,423.149,463.81,410.155,455.987,6725900,349.2077
2006-05-24,459.568,465.844,421.204,427.745,5057800,327.5792
2006-05-23,417.226,454.352,391.591,451.479,4903600,345.7554
2006-05-22,450.816,452.584,380.10,416.254,5626200,318.7791
2006-05-19,503.854,503.854,437.557,445.778,9861800,341.3894
2006-05-18,539.212,539.212,468.672,481.799,10785300,368.9753
2006-05-17,521.533,546.725,515.345,540.891,7822500,414.2296
2006-05-16,516.052,523.301,464.518,507.61,11668200,388.7421
2006-05-15,569.266,571.918,505.931,518.571,10645700,397.1363
2006-05-12,565.642,581.642,552.825,569.134,5589200,435.8589
2006-05-11,596.669,597.022,560.603,564.891,5187100,432.6095
2006-05-10,587.652,596.669,585.222,590.569,4715100,452.2744
2006-05-09,574.57,587.652,559.764,583.365,5212500,446.7574
2006-05-08,573.156,582.525,567.321,569.708,2774500,436.2985
2006-05-05,585.177,593.044,558.04,566.128,5139700,433.5568
2006-05-04,589.597,594.812,575.10,580.095,3532700,444.2531
2006-05-03,596.492,601.089,581.288,588.183,4548500,450.4471
2006-05-02,573.774,598.171,573.774,593.177,5091200,454.2717
2006-04-28,544.869,565.20,531.256,560.559,6255600,429.2919
2006-04-27,582.349,658.545,560.515,563.874,7035900,431.8307
2006-04-26,550.526,582.349,548.935,579.299,5191800,443.6435
2006-04-25,577.664,578.017,546.283,550.703,5615400,421.7439
2006-04-24,578.99,591.277,567.498,577.62,4597100,442.3577
2006-04-21,566.835,589.067,508.362,578.503,9113600,443.0339
2006-04-20,544.339,571.388,539.212,569.178,7457900,435.8926
2006-04-19,525.82,544.913,523.345,538.107,6089000,412.0975
2006-04-18,528.03,531.477,516.229,521.179,3431200,399.1336
2006-04-17,502.881,528.03,501.069,526.218,5530600,402.9926
2006-04-13,494.13,508.097,469.424,499.213,5979300,382.3114
2006-04-12,512.693,529.267,488.208,493.688,5673800,378.0802
2006-04-10,490.594,546.283,476.009,511.677,6117200,391.8567
2006-04-07,481.269,495.014,475.567,477.998,3762100,366.0644
2006-04-05,481.269,483.434,476.539,479.368,1756600,367.1136
2006-04-04,481.755,484.318,472.208,479.722,3851500,367.3846
2006-04-03,478.219,483.346,476.805,480.075,2339200,367.655
2006-03-31,463.103,479.545,460.761,474.241,4383000,363.1872
2006-03-30,462.308,472.738,454.441,461.203,6658500,353.2023
2006-03-29,462.485,464.827,456.518,461.645,2775400,353.5408
2006-03-28,459.656,464.076,450.949,461.601,4304100,353.5071
2006-03-27,437.38,460.009,437.38,457.755,5367900,350.5617
2006-03-24,428.806,437.38,428.276,436.143,4152800,334.0106
2006-03-23,415.547,432.077,407.503,428.983,5920500,328.5273
2006-03-22,414.00,419.878,410.243,414.839,3343800,317.6954
2006-03-21,414.044,421.646,411.171,413.867,3369000,316.951
2006-03-20,409.271,414.044,409.271,412.895,1478400,316.2066
2006-03-17,415.90,418.464,407.547,408.652,2041700,312.9573
2006-03-16,407.90,418.11,407.503,415.326,3392600,318.0684
2006-03-14,408.298,414.044,402.818,405.602,3509100,310.6215
2006-03-13,405.602,410.95,401.934,406.84,2747100,311.5696
2006-03-10,401.315,410.862,401.315,402.773,2697000,308.455
2006-03-09,393.404,401.713,382.973,399.193,5330700,305.7133
2006-03-08,411.922,413.602,390.31,392.254,4355500,300.3992
2006-03-07,418.375,419.701,397.912,413.956,3981800,317.0192
2006-03-06,402.508,419.878,402.508,418.375,4197200,320.4034
2006-03-03,398.663,404.453,395.26,401.536,4414400,307.5076
2006-03-02,395.127,405.735,394.818,397.735,5115100,304.5967
2006-03-01,381.249,395.127,375.857,390.973,5203600,299.4182
2006-02-28,375.194,387.039,364.189,380.984,6036800,291.7683
2006-02-27,378.155,378.863,372.41,373.117,1591500,285.7435
2006-02-24,371.261,379.172,369.581,374.178,5142000,286.5561
2006-02-23,364.233,375.68,364.233,370.067,5348500,283.4078
2006-02-22,358.001,364.984,356.233,363.747,3669600,278.5677
2006-02-21,350.93,359.769,350.753,356.189,4302600,272.7796
2006-02-20,341.427,350.93,340.322,349.294,3202900,267.4992
2006-02-17,347.394,351.725,340.057,341.913,3240300,261.8466
2006-02-16,344.919,348.278,340.587,346.333,2658000,265.2316
2006-02-15,340.322,344.035,335.107,342.841,2796800,262.5573
2006-02-14,346.775,347.747,336.963,338.996,1976600,259.6127
2006-02-13,344.742,350.134,343.681,346.642,2314100,265.4682
2006-02-10,349.117,352.521,342.134,344.079,3914300,263.5054
2006-02-08,361.316,361.316,345.184,346.731,4169900,265.5364
2006-02-07,359.681,366.134,359.018,361.316,2686900,276.706
2006-02-06,353.581,364.012,349.162,359.681,3899700,275.4539
2006-02-03,353.758,357.117,350.09,354.333,3409100,271.3582
2006-02-02,352.698,359.548,352.035,355.394,5745600,272.1708
2006-02-01,358.885,358.885,348.897,351.372,7946500,269.0906
2006-01-31,348.897,360.211,348.897,357.515,7789100,273.7951
2006-01-30,345.228,356.057,333.118,350.885,9608300,268.7177
2006-01-27,322.643,356.057,322.555,349.471,10293800,267.6348
2006-01-25,323.394,325.295,318.312,321.096,1944700,245.9044
2006-01-24,316.544,324.146,313.008,322.157,3323800,246.7169
2006-01-23,318.665,319.947,308.411,315.66,5971800,241.7413
2006-01-20,320.875,325.958,318.665,320.124,5026300,245.16
2006-01-19,311.947,319.549,311.638,318.621,2837900,244.009
2006-01-18,353.581,353.581,303.726,310.40,2606900,237.7131
2006-01-17,315.395,317.163,306.865,308.146,3140400,235.9869
2006-01-16,324.411,324.411,313.538,314.909,3029600,241.1662
2006-01-13,334.134,334.134,323.527,324.544,1816200,248.545
2006-01-12,327.063,331.041,322.776,326.444,2686800,250.00
2006-01-10,335.77,336.565,327.947,329.052,1827500,251.9973
2006-01-09,340.676,343.328,334.223,335.947,2727600,257.2777
2006-01-06,337.317,340.234,333.604,339.615,2725000,260.0868
2006-01-05,340.19,341.029,335.239,336.256,1576100,257.5144
2006-01-04,343.725,343.725,338.289,339.659,2576000,260.1205
2006-01-03,336.786,342.444,335.018,341.383,2302200,261.4407
2006-01-02,337.626,339.173,331.748,335.018,2180600,256.5663
2005-12-30,327.284,337.317,327.284,335.858,4516500,257.2095
2005-12-29,328.389,330.466,325.383,327.372,3810100,250.7107
2005-12-28,332.367,334.93,326.267,327.991,3006300,251.1848
2005-12-27,325.737,332.278,324.411,331.748,2304700,254.062
2005-12-26,326.179,328.389,322.29,325.825,4194600,249.526
2005-12-23,338.156,340.057,324.013,325.737,4879200,249.4586
2005-12-22,332.588,338.554,331.925,337.228,4126400,258.2587
2005-12-21,330.775,333.427,326.046,331.792,4306500,254.0957
2005-12-20,336.786,337.715,328.654,330.996,4176200,253.4861
2005-12-19,326.974,336.786,326.223,335.947,3277000,257.2777
2005-12-16,328.212,328.698,322.776,325.207,4015700,249.0527
2005-12-15,336.786,339.748,322.997,326.046,8051800,249.6952
2005-12-14,328.256,336.786,327.549,334.267,6820100,255.9911
2005-12-13,321.759,329.096,320.08,326.665,4175400,250.1693
2005-12-12,315.571,322.643,315.571,320.919,3354700,245.7688
2005-12-09,308.323,315.571,307.616,314.732,3373200,241.0307
2005-12-08,311.152,311.152,305.715,307.351,2179000,235.3781
2005-12-07,310.40,312.168,307.793,309.119,2278200,236.7321
2005-12-06,312.654,315.395,307.748,310.40,2021300,237.7131
2005-12-05,316.455,318.223,311.682,313.008,3191000,239.7104
2005-12-02,312.92,319.461,312.036,315.616,5946600,241.7076
2005-12-01,315.483,315.483,306.069,309.649,4102200,237.1379
2005-11-30,308.986,315.483,307.704,309.119,6273900,236.7321
2005-11-29,303.638,310.798,302.091,307.527,5093500,235.5129
2005-11-28,305.715,311.152,302.312,304.743,8819300,233.3808
2005-11-25,304.257,307.616,298.776,302.533,5446900,231.6883
2005-11-24,303.196,308.235,301.075,302.666,6819700,231.7902
2005-11-23,309.384,310.356,299.881,302.887,6661500,231.9594
2005-11-22,318.621,319.991,308.632,310.356,4221700,237.6794
2005-11-21,328.389,328.742,317.428,318.93,3007100,244.2456
2005-11-18,326.179,331.483,325.472,327.24,4300300,250.6096
2005-11-17,326.974,330.599,317.339,324.455,4610700,248.4768
2005-11-16,326.179,327.063,320.919,324.897,2091500,248.8153
2005-11-14,330.864,330.952,318.40,323.173,3738500,247.495
2005-11-11,323.262,329.98,322.643,328.212,3898900,251.354
2005-11-10,320.698,323.262,318.444,321.185,3216100,245.9725
2005-11-09,321.848,326.002,318.223,320.654,6724700,245.5659
2005-11-08,323.439,326.135,315.792,320.08,6195300,245.1263
2005-11-07,300.986,323.969,300.986,321.45,8084500,246.1755
2005-11-02,301.782,310.268,292.589,308.456,4811600,236.2243
2005-11-01,304.964,304.964,299.793,300.677,1010600,230.2669
2005-10-31,296.124,300.986,292.765,300.014,2296400,229.7592
2005-10-28,308.367,308.411,290.821,292.412,2708800,223.9374
2005-10-27,307.262,308.367,296.213,298.423,5780600,228.5408
2005-10-26,310.268,314.599,304.345,306.644,4747000,234.8366
2005-10-25,313.804,316.013,307.616,309.826,5175400,237.2735
2005-10-24,325.737,335.814,310.091,311.417,4405200,238.4919
2005-10-21,318.533,325.737,316.146,324.765,4927700,248.7142
2005-10-20,322.908,328.698,310.71,316.986,4674600,242.7568
2005-10-19,328.477,330.201,311.152,319.593,5146900,244.7533
2005-10-18,341.957,343.46,321.848,331.35,3855500,253.7572
2005-10-17,335.902,341.471,331.129,339.748,5225300,260.1886
2005-10-14,333.781,338.201,329.759,335.018,6352700,256.5663
2005-10-13,345.626,346.51,331.173,332.632,6130500,254.739
2005-10-11,345.626,349.339,338.156,348.455,4524400,266.8567
2005-10-10,350.93,351.504,341.781,343.151,4267900,262.7947
2005-10-07,351.018,359.283,348.366,349.471,6317600,267.6348
2005-10-06,373.912,373.912,354.642,356.896,7454600,273.321
2005-10-05,384.52,385.006,373.912,375.15,5636700,287.3005
2005-10-04,377.006,385.492,377.006,382.84,4145300,293.1897
2005-10-03,373.912,380.012,373.912,376.564,2541800,288.3833
2005-09-30,372.145,378.686,367.415,374.354,7656300,286.6909
2005-09-29,369.979,375.15,365.957,369.316,5068500,282.8326
2005-09-28,362.421,370.819,362.421,368.962,2616600,282.5615
2005-09-27,368.609,373.338,364.366,368.564,3615800,282.2567
2005-09-26,356.233,369.846,356.233,367.813,3336600,281.6816
2005-09-23,355.791,361.449,346.952,355.747,5049400,272.4411
2005-09-22,363.393,374.354,352.256,355.217,6602900,272.0352
2005-09-21,309.295,380.10,309.295,369.846,4546900,283.2385
2005-09-20,379.835,385.625,375.68,378.465,4439000,289.8392
2005-09-19,374.796,381.735,372.94,379.835,3511000,290.8884
2005-09-16,366.841,375.15,365.957,372.852,4335300,285.5406
2005-09-15,366.841,402.773,358.222,366.001,1922700,280.2939
2005-09-14,360.653,364.984,353.979,358.001,2986700,274.1673
2005-09-13,364.101,364.896,360.30,360.962,1440600,276.4349
2005-09-12,364.189,366.62,363.084,364.056,2013700,278.8044
2005-09-09,362.156,364.189,356.145,362.023,2104400,277.2474
2005-09-08,360.609,363.305,359.858,361.935,2568200,277.18
2005-09-06,358.001,361.493,356.764,359.15,3484600,275.0472
2005-09-05,359.504,363.128,356.322,357.957,4163700,274.1336
2005-09-02,348.499,360.123,347.836,358.532,5830900,274.5739
2005-09-01,347.129,350.797,346.51,347.571,2192500,266.1797
2005-08-31,346.51,346.51,342.753,345.228,1918200,264.3854
2005-08-30,339.438,347.04,339.438,345.758,2310900,264.7912
2005-08-29,344.742,344.742,334.311,339.571,2876200,260.0531
2005-08-26,349.162,351.814,338.775,343.858,3127100,263.3362
2005-08-25,350.046,350.046,332.499,338.466,5778800,259.2068
2005-08-24,339.571,341.471,328.919,332.367,5013700,254.536
2005-08-23,353.581,353.581,337.891,338.864,3696200,259.5116
2005-08-22,355.349,358.797,345.096,347.394,2697700,266.0441
2005-08-19,361.537,363.747,353.581,355.349,4817200,272.1363
2005-08-18,366.399,368.52,359.681,361.404,5352800,276.7734
2005-08-17,362.333,367.283,359.106,366.266,4275800,280.4968
2005-08-16,358.885,363.305,358.001,362.067,4722900,277.2811
2005-08-12,360.653,361.449,349.25,356.101,6222800,272.7122
2005-08-11,353.581,361.316,353.581,357.338,7399800,273.6595
2005-08-10,345.626,353.581,345.626,351.858,5097100,269.4628
2005-08-09,341.913,352.388,339.129,343.018,6537000,262.6929
2005-08-08,343.018,350.267,341.692,342.93,6518300,262.6255
2005-08-05,339.438,347.04,337.405,343.151,6067500,262.7947
2005-08-04,326.621,341.118,326.179,338.643,9052400,259.3424
2005-08-03,332.367,337.228,323.394,326.223,4990700,249.8308
2005-08-02,320.875,334.488,319.991,329.847,6607700,252.6061
2005-08-01,324.809,325.118,318.223,322.466,4175000,246.9536
2005-07-29,354.465,354.465,322.643,324.986,6624800,248.8835
2005-07-27,344.742,347.571,329.98,331.748,8986400,254.062
2005-07-26,343.283,346.245,337.67,344.742,4871400,264.0132
2005-07-25,335.902,342.488,335.902,340.632,5079300,260.8656
2005-07-22,327.151,335.902,325.383,334.797,4014800,256.397
2005-07-21,328.831,332.72,324.411,326.798,4637300,250.2711
2005-07-20,328.345,331.394,326.267,328.521,3715600,251.5907
2005-07-19,322.157,328.345,319.24,326.798,4626500,250.2711
2005-07-18,314.688,322.599,313.229,320.477,3790600,245.4303
2005-07-15,311.152,315.792,307.306,314.201,2630800,240.624
2005-07-14,314.643,315.66,309.384,309.914,1990100,237.3409
2005-07-13,320.698,320.698,311.594,313.848,2935600,240.3537
2005-07-12,320.875,322.643,313.804,318.533,3081700,243.9416
2005-07-11,319.991,323.969,319.107,320.035,3150100,245.0918
2005-07-08,316.367,322.466,316.367,320.256,6079600,245.2611
2005-07-07,310.268,318.002,310.268,312.743,7039000,239.5074
2005-07-06,307.616,311.991,304.964,309.561,4124800,237.0706
2005-07-05,310.268,318.135,302.622,306.688,5363700,234.8703
2005-07-04,304.964,308.809,303.196,305.804,2928300,234.1933
2005-07-01,302.312,306.29,297.097,304.213,4871200,232.9749
2005-06-30,306.732,307.616,298.379,300.323,6269900,229.9958
2005-06-29,302.312,307.086,298.158,305.936,5087000,234.2944
2005-06-28,317.516,318.268,300.102,302.047,4835500,231.3161
2005-06-27,322.643,324.367,316.455,317.56,5268500,243.1964
2005-06-24,320.875,324.278,318.665,320.875,4207900,245.7351
2005-06-23,323.792,329.361,321.406,323.483,7264600,247.7324
2005-06-22,317.339,326.974,314.511,321.803,13772400,246.4458
2005-06-21,310.268,316.455,309.472,315.704,5619200,241.7751
2005-06-20,304.213,309.737,299.749,308.146,4683900,235.9869
2005-06-17,300.898,302.268,296.876,301.251,2841900,230.7065
2005-06-16,300.588,304.831,299.484,300.058,4130900,229.7929
2005-06-15,296.124,301.163,296.124,300.058,3880000,229.7929
2005-06-14,293.473,297.45,292.589,295.594,3323600,226.3742
2005-06-13,297.406,297.804,291.705,292.412,3124000,223.9374
2005-06-10,300.50,302.003,294.666,295.594,5597400,226.3742
2005-06-09,298.953,303.019,297.008,298.644,4500500,228.71
2005-06-08,301.34,302.18,295.992,299.97,4321000,229.7255
2005-06-07,302.312,302.312,298.158,299.881,3184400,229.6574
2005-06-06,313.317,314.909,307.881,308.942,3746000,226.6407
2005-06-03,309.384,311.152,304.168,309.119,5278300,226.7706
2005-06-02,314.732,314.732,307.616,308.544,4139500,226.3488
2005-06-01,321.759,323.262,314.069,314.997,3841800,231.0827
2005-05-31,319.063,323.527,318.665,321.14,2618700,235.5892
2005-05-30,322.643,322.643,318.002,319.328,2533800,234.2599
2005-05-27,318.223,326.179,314.776,320.522,4924500,235.1359
2005-05-26,313.804,315.969,312.212,314.467,2817100,230.6939
2005-05-25,316.942,317.958,313.052,314.025,3783300,230.3696
2005-05-24,312.036,317.693,310.268,316.544,5174900,232.2176
2005-05-23,315.306,316.19,308.765,310.489,4311400,227.7756
2005-05-20,314.688,318.135,312.257,313.98,5581100,230.3366
2005-05-19,318.223,323.439,313.715,315.35,8717700,231.3417
2005-05-18,312.92,319.107,310.356,315.439,6110700,231.407
2005-05-17,322.643,324.809,311.594,312.964,3590000,229.5913
2005-05-16,318.223,322.466,317.339,321.008,2471500,235.4924
2005-05-13,315.571,318.798,312.036,317.914,3839500,233.2226
2005-05-12,316.455,320.389,314.82,316.455,3370100,232.1523
2005-05-11,318.223,318.223,310.356,315.881,3666000,231.7312
2005-05-10,321.406,323.129,315.748,316.942,4332000,232.5096
2005-05-09,317.339,322.069,313.804,320.875,4817300,235.3948
2005-05-06,314.511,315.483,307.704,313.229,5525700,229.7857
2005-05-05,314.776,318.488,311.417,313.759,6198700,230.1745
2005-05-04,305.406,313.715,304.522,313.008,5452800,229.6236
2005-05-03,305.76,310.135,302.533,303.55,5701900,222.6851
2005-05-02,304.964,306.467,299.749,305.052,6092200,223.787
2005-04-29,304.964,306.467,299.97,301.384,7604400,221.0962
2005-04-28,311.152,311.594,301.959,303.505,7090200,222.6521
2005-04-27,316.455,316.455,307.793,309.074,3907000,226.7376
2005-04-26,322.422,323.483,315.925,317.074,3437700,232.6064
2005-04-25,319.991,324.278,316.721,321.096,3806800,235.557
2005-04-22,328.566,328.831,318.533,319.726,4563700,234.5519
2005-04-21,321.715,327.019,314.732,326.179,5531000,239.2858
2005-04-20,304.876,321.759,304.876,320.964,8006800,235.4601
2005-04-19,314.732,321.759,305.141,306.909,6432700,225.1493
2005-04-18,314.334,320.787,311.152,313.096,5517600,229.6881
2005-04-15,331.483,334.134,321.892,323.748,6856900,237.5025
2005-04-13,348.278,348.278,335.107,336.786,4467000,247.0672
2005-04-12,337.67,345.007,336.212,343.77,3757600,252.1907
2005-04-11,338.466,341.825,331.704,337.052,4656600,247.2623
2005-04-08,341.25,344.30,335.239,336.831,5426900,247.1002
2005-04-07,348.278,348.278,340.322,341.074,3866600,250.2129
2005-04-06,348.631,348.631,339.88,345.14,5937700,253.1957
2005-04-05,348.278,350.046,336.344,337.98,7473800,247.9431
2005-04-04,361.758,364.587,346.687,347.924,6204800,255.2381
2005-04-01,356.454,363.305,353.139,361.758,5531700,265.3867
2005-03-31,355.968,358.001,351.372,354.51,9766300,260.0696
2005-03-30,353.581,358.797,345.714,350.134,7974600,256.8593
2005-03-29,370.819,370.819,352.035,354.996,8598400,260.4261
2005-03-28,367.062,373.824,366.841,369.758,4907500,271.2555
2005-03-24,362.421,367.239,360.211,364.454,6203100,267.3645
2005-03-23,371.261,375.238,358.134,361.007,9191300,264.8358
2005-03-22,379.835,380.10,367.725,369.139,5278100,270.8014
2005-03-21,385.404,386.067,378.111,380.851,3592200,279.3934
2005-03-18,379.923,385.36,372.763,383.768,5748300,281.5333
2005-03-17,388.056,388.94,377.448,380.851,4941300,279.3934
2005-03-16,391.68,394.818,387.172,389.293,4577800,285.5865
2005-03-15,387.967,393.138,383.238,391.415,5932700,287.1432
2005-03-14,390.619,394.509,385.846,386.951,4972200,283.8684
2005-03-11,382.752,391.591,382.752,389.956,5888900,286.0728
2005-03-10,381.868,382.354,376.962,381.205,4205100,279.6531
2005-03-09,387.172,389.028,380.409,382.001,3563800,280.237
2005-03-08,384.829,386.951,381.072,386.067,5030400,283.2199
2005-03-07,380.984,387.083,380.763,384.387,4225500,281.9874
2005-03-04,382.487,383.194,377.625,379.128,3466700,278.1294
2005-03-03,378.332,382.487,378.332,380.63,4823600,279.2313
2005-03-02,373.47,379.658,373.47,378.863,6386300,277.935
2005-03-01,372.145,373.912,366.841,372.321,5947100,273.1358
2005-02-28,363.305,376.476,358.001,373.249,8503400,273.8165
2005-02-25,365.073,367.239,360.211,362.377,5810300,265.8408
2005-02-24,367.283,368.962,363.349,364.189,6757300,267.1701
2005-02-23,365.515,369.36,362.333,365.957,6019800,268.4671
2005-02-22,362.421,366.797,358.222,364.675,4502500,267.5266
2005-02-21,366.001,366.752,359.416,361.007,5026500,264.8358
2005-02-18,367.725,370.465,363.747,365.868,9404400,268.4018
2005-02-17,358.929,366.797,355.659,364.145,8863200,267.1378
2005-02-16,356.322,364.454,356.322,359.504,9018500,263.7332
2005-02-15,358.443,359.858,354.112,355.394,4929800,260.7181
2005-02-14,354.465,360.653,354.244,357.824,4882000,262.5007
2005-02-11,353.581,355.305,351.372,352.698,4652400,258.7403
2005-02-10,354.863,355.261,348.455,351.902,5241200,258.1563
2005-02-09,352.874,357.294,351.151,354.20,5811600,259.8421
2005-02-08,353.449,356.145,346.51,349.736,6563400,256.5673
2005-02-07,354.907,358.885,351.018,353.139,7370200,259.0638
2005-02-04,352.83,355.791,346.156,350.93,8319200,257.4433
2005-02-03,341.206,351.372,341.206,349.957,7151000,256.7295
2005-02-02,339.306,343.77,338.112,339.438,3749800,249.0127
2005-02-01,344.742,345.626,336.123,337.847,4054800,247.8455
2005-01-31,338.554,343.549,337.67,341.604,4417700,250.6017
2005-01-28,328.831,336.963,328.168,336.389,5586500,246.7759
2005-01-27,327.814,333.074,327.195,328.521,7929000,241.0039
2005-01-25,317.516,326.179,315.571,325.295,5285000,238.6374
2005-01-24,313.804,320.654,311.152,318.577,6524300,233.709
2005-01-20,310.268,312.389,298.865,310.887,10334700,228.0676
2005-01-19,305.008,313.317,304.876,308.058,6360600,225.9922
2005-01-18,290.821,311.505,290.821,304.124,5587000,223.1062
2005-01-17,353.581,353.581,296.876,304.831,7323100,223.6249
2005-01-14,316.367,317.251,306.334,307.925,5039500,225.8947
2005-01-13,309.384,318.135,305.848,315.66,5913500,231.5691
2005-01-12,309.561,315.571,301.605,304.124,6129900,223.1062
2005-01-11,317.516,318.665,307.174,309.03,6671500,226.7053
2005-01-10,320.787,325.162,315.218,316.632,4013100,232.2821
2005-01-07,316.013,322.069,314.201,319.417,6032500,234.3252
2005-01-06,322.643,325.383,312.61,314.334,8813700,230.5963
2005-01-05,340.322,341.029,319.328,326.179,9071700,239.2858
2005-01-04,342.09,345.979,339.703,342.046,4457600,250.9259
2005-01-03,349.162,349.162,339.129,342.311,4768000,251.1203
2004-12-31,344.742,344.742,335.593,340.411,7978700,249.7265
2004-12-30,342.974,347.526,339.217,340.322,5625600,249.6612
2004-12-29,347.394,350.841,339.659,342.002,7446600,250.8937
2004-12-28,329.936,350.399,329.936,346.20,11846400,253.9733
2004-12-27,317.207,332.809,316.544,330.864,8318800,242.7228
2004-12-24,307.616,319.505,307.527,317.251,6308200,232.7363
2004-12-23,300.544,307.616,299.218,306.378,2750000,224.7598
2004-12-22,303.638,305.76,299.395,300.986,4274500,220.8042
2004-12-21,300.146,303.55,299.218,302.268,2533800,221.7447
2004-12-20,294.578,300.367,294.578,299.704,2910100,219.8637
2004-12-17,293.473,298.997,293.119,294.887,4133100,216.3299
2004-12-16,293.031,294.18,291.042,292.368,2724200,214.482
2004-12-15,290.821,295.594,289.053,293.915,5124100,215.6169
2004-12-14,288.257,289.893,286.578,289.185,2521300,212.1469
2004-12-13,280.213,286.843,278.578,285.871,3809600,209.7158
2004-12-10,282.909,286.18,278.534,281.186,6247300,206.2789
2004-12-09,280.258,286.047,277.694,282.688,4987900,207.3807
2004-12-08,287.329,290.556,280.523,281.628,5132800,206.6031
2004-12-07,293.428,293.428,287.329,289.274,3363900,212.2122
2004-12-06,291.219,294.268,291.13,292.147,4562400,214.3199
2004-12-03,290.909,291.705,286.843,289.672,3888200,212.5042
2004-12-02,292.589,294.71,288.832,293.031,7237200,214.9684
2004-12-01,285.959,291.174,281.672,289.848,6068800,212.6333
2004-11-30,288.788,288.788,281.274,285.959,4575600,209.7804
2004-11-29,277.561,285.959,277.561,285.075,5657800,209.1319
2004-11-25,275.794,281.097,274.114,275.705,6015500,202.258
2004-11-24,275.794,277.738,274.291,276.324,2884400,202.7121
2004-11-23,276.147,278.357,274.026,275.528,3833100,202.1281
2004-11-22,270.401,275.352,267.175,274.247,3798300,201.1884
2004-11-19,276.677,279.683,270.225,271.948,6289600,199.5018
2004-11-18,274.114,276.898,273.584,275.396,4081500,202.0313
2004-11-17,274.954,277.915,273.23,274.379,3947900,201.2852
2004-11-16,271.462,274.733,269.65,273.628,4601800,200.7343
2004-11-12,272.258,273.937,269.65,271.904,1465600,199.4696
2004-11-11,273.451,273.937,270.534,271.462,4195600,199.1453
2004-11-10,267.263,272.70,266.556,271.948,6313100,199.5018
2004-11-09,266.954,269.076,264.833,265.893,3629000,195.0599
2004-11-08,265.098,269.517,264.302,266.689,5244800,195.6438
2004-11-05,262.092,266.07,261.474,263.683,3644900,193.4386
2004-11-04,265.186,266.866,260.457,261.297,4563000,191.6882
2004-11-03,259.882,264.833,258.556,264.17,4985300,193.7959
2004-11-02,260.678,261.827,258.203,258.689,4180400,189.775
2004-11-01,257.319,260.59,251.794,259.264,6733400,190.1968
2004-10-29,260.943,260.943,252.457,254.402,9938300,186.63
2004-10-28,259.882,264.302,258.601,260.192,8441400,190.8776
2004-10-27,256.347,260.634,255.507,258.026,5240300,189.2886
2004-10-26,246.181,256.302,246.181,255.684,6784300,187.5705
2004-10-25,247.64,251.043,245.739,247.065,5118900,181.2476
2004-10-21,252.988,253.695,248.921,250.601,4848200,183.8416
2004-10-20,258.203,258.203,251.175,252.015,6179000,184.8789
2004-10-19,252.811,257.054,250.159,255.153,4788200,187.181
2004-10-18,253.695,255.374,250.336,251.352,3462500,184.3926
2004-10-15,251.485,256.789,250.07,251.396,5496200,184.4248
2004-10-14,256.70,256.70,248.17,251.617,7732200,184.587
2004-10-12,266.07,267.75,258.203,260.324,6181300,190.9744
2004-10-11,267.175,269.871,264.125,265.186,6144800,194.5412
2004-10-08,267.352,268.28,264.567,267.042,7057000,195.9028
2004-10-07,257.231,266.203,256.877,265.407,10872200,194.7033
2004-10-06,259.882,263.065,255.374,256.568,7805800,188.219
2004-10-05,262.932,264.612,258.601,259.838,10311900,190.6179
2004-10-04,260.192,264.656,259.485,261.694,7686700,191.9795
2004-10-01,255.905,258.998,247.949,258.07,17176800,189.3209
2004-09-30,258.512,261.562,254.313,255.595,12063500,187.5052
2004-09-29,251.043,257.142,245.607,256.302,11086000,188.0239
2004-09-28,254.579,257.231,248.877,249.673,7641100,183.1608
2004-09-27,255.463,257.54,253.297,255.242,6312100,187.2463
2004-09-24,253.164,258.424,252.104,255.949,9095000,187.7649
2004-09-23,253.695,258.822,250.778,254.225,10116800,186.5002
2004-09-22,260.59,263.418,252.943,255.242,7782400,187.2463
2004-09-21,251.043,258.114,249.275,256.744,9971800,188.3481
2004-09-20,248.391,256.037,248.082,251.706,12657200,184.6522
2004-09-17,242.248,248.214,241.54,247.065,10444400,181.2476
2004-09-16,235.043,243.662,235.043,241.54,16166700,177.1944
2004-09-15,235.132,237.518,232.568,234.822,6398800,172.2661
2004-09-14,237.784,238.137,232.126,233.099,5303000,171.0021
2004-09-13,234.822,239.375,234.425,236.723,6474800,173.6607
2004-09-10,228.06,234.159,225.939,232.878,5976200,170.84
2004-09-09,228.546,229.474,224.701,227.088,5839900,166.5924
2004-09-08,227.485,229.519,226.867,228.546,7103600,167.662
2004-09-07,223.64,227.485,223.463,225.85,6102300,165.6842
2004-09-06,221.872,225.276,221.872,223.419,4318600,163.9008
2004-09-03,219.751,222.049,218.955,221.254,4823800,162.3126
2004-09-02,221.033,222.668,218.116,219.441,5075600,160.9825
2004-09-01,224.082,225.673,219.928,220.679,5809600,161.8908
2004-08-31,220.458,223.331,216.745,222.624,7326400,163.3176
2004-08-30,216.657,222.314,216.657,220.812,6640800,161.9883
2004-08-27,217.453,219.221,213.342,214.801,5723200,157.5786
2004-08-26,220.988,221.121,215.773,216.878,7401300,159.1023
2004-08-25,221.872,222.668,218.292,219.618,3756800,161.1124
2004-08-24,217.453,221.342,217.099,219.397,7619800,160.9503
2004-08-23,229.872,229.872,215.375,216.701,13081500,158.9725
2004-08-20,235.574,237.474,227.264,229.607,10717900,168.4404
2004-08-19,231.64,236.281,231.64,235.176,7269400,172.5258
2004-08-18,233.452,238.491,230.314,231.419,8678200,169.7696
2004-08-17,238.667,241.143,236.104,238.623,14223800,175.0545
2004-08-16,226.646,236.679,222.845,235.264,17883400,172.5904
2004-08-13,228.944,230.933,224.745,226.336,7772100,166.0407
2004-08-12,228.06,231.773,224.878,227.972,13373300,167.2409
2004-08-11,242.91,242.91,226.778,228.59,11972200,167.6943
2004-08-10,358.0005,360.8745,356.676,359.2395,15729100,175.6928
2004-08-09,357.0285,361.8465,354.5535,356.631,18380400,174.417
2004-08-06,358.8855,362.421,353.007,356.94,17150700,174.5681
2004-08-05,353.9355,361.5375,352.698,360.3435,12607800,176.2327
2004-08-04,350.178,354.819,348.72,351.9015,16695100,172.104
2004-08-03,347.04,355.128,343.548,350.0895,23168600,171.2178
2004-08-02,346.3335,350.487,344.3445,345.8475,13094000,169.1432
2004-07-30,348.2775,350.355,342.3555,346.4655,20937900,169.4454
2004-07-29,335.019,349.4715,333.825,347.3055,25890900,169.8562
2004-07-28,334.5765,337.671,331.482,333.957,15148800,163.3279
2004-07-27,220.988,224.141,217.836,223.11,21519000,109.1161
2004-07-26,321.4935,331.7475,317.826,330.4215,15534100,161.5988
2004-07-23,323.439,323.439,316.0575,321.4935,19269300,157.2324
2004-07-22,321.759,328.743,319.1955,321.3165,30217200,157.1458
2004-07-21,305.1405,322.3785,305.1405,315.3945,16410900,154.2495
2004-07-20,304.6995,308.058,301.1625,304.212,17125800,148.7805
2004-07-19,299.793,309.207,297.318,305.715,20198800,149.5156
2004-07-16,289.9365,300.8535,288.39,299.748,24303800,146.5973
2004-07-15,278.445,289.9365,277.5615,289.185,19284700,141.4313
2004-07-14,273.054,280.1685,270.5775,277.3845,15253700,135.66
2004-07-13,279.33,281.097,267.4395,272.0805,10175300,133.066
2004-07-12,272.0805,279.7275,266.9535,278.0475,10229800,135.9843
2004-07-09,257.2305,271.815,247.728,270.6225,13966800,132.353
2004-07-08,279.6825,282.732,258.114,261.8265,22502500,128.0511
2004-07-07,276.2355,282.6435,275.3955,279.6825,20460600,136.7839
2004-07-06,265.6275,277.518,264.744,276.8985,23557200,135.4224
2004-07-05,269.6055,272.2575,265.407,267.1755,12170800,130.6671
2004-07-02,268.545,275.0865,266.202,268.9425,21494000,131.5313
2004-07-01,266.9535,272.523,259.617,271.1535,22751900,132.6127
2004-06-30,269.6055,274.2915,265.0095,266.0265,15187600,130.1052
2004-06-29,266.424,272.0805,263.064,270.225,19819400,132.1586
2004-06-28,262.5345,268.722,261.8715,267.8385,13948400,130.9914
