2004-06-25,243.9705,262.8885,242.91,261.651,25000600,127.9653
2004-06-24,242.8215,244.413,236.988,242.733,13495100,118.7131
2004-06-23,248.8335,250.512,237.2085,238.80,10409800,116.7896
2004-06-22,245.562,249.9825,243.1755,247.1535,9043700,120.875
2004-06-21,249.408,251.4405,244.6335,245.784,8591700,120.2052
2004-06-18,254.49,255.462,245.871,247.6395,10997000,121.1127
2004-06-17,250.1595,256.611,247.8165,255.2865,9545100,124.8526
2004-06-16,252.2355,255.816,247.242,250.335,12604500,122.431
2004-06-15,241.32,256.6995,241.32,254.4465,19480000,124.4418
2004-06-14,256.302,256.302,238.3575,241.275,14547600,118.00
2004-06-11,265.1415,268.2795,254.9325,256.302,10860500,125.3493
2004-06-10,262.5345,267.8385,261.651,263.949,7688900,129.0892
2004-06-09,260.988,268.1025,260.988,263.5515,9619700,128.8948
2004-06-08,268.722,269.1645,261.2085,263.1525,12890900,128.6996
2004-06-07,281.9805,286.1355,270.4905,272.877,27152500,126.1195
2004-06-04,260.1915,281.0085,258.999,278.8425,20245500,128.8767
2004-06-03,279.33,282.6885,259.8825,263.463,15047900,121.7685
2004-06-02,268.722,278.268,267.4395,275.307,13300300,127.2426
2004-06-01,265.1865,273.4515,263.949,267.3525,13186800,123.5662
2004-05-31,264.7005,267.528,255.021,261.8715,17814700,121.033
2004-05-28,281.8935,281.8935,266.07,267.6615,14982100,123.709
2004-05-27,287.2845,287.904,280.479,281.6715,14301600,130.1842
2004-05-26,295.2405,297.8925,287.4615,290.334,9936300,134.1879
2004-05-25,292.5885,297.009,287.1075,294.2235,13159200,135.9856
2004-05-24,295.86,299.2185,292.809,294.7095,14060200,136.2102
2004-05-21,295.5945,295.5945,279.771,290.511,22706900,134.2697
2004-05-20,283.3065,289.4955,273.2295,283.2195,30388100,130.8997
2004-05-19,265.1865,280.656,263.418,278.5785,20381700,128.7547
2004-05-18,238.8885,264.126,238.668,259.44,18892600,119.9092
2004-05-17,256.3905,256.3905,205.077,232.392,13151400,107.408
2004-05-14,284.544,284.544,247.596,255.7275,23706600,118.1933
2004-05-13,265.8045,288.081,256.524,281.274,25967600,130.0005
2004-05-12,270.402,282.6435,268.8105,279.108,23010500,128.9994
2004-05-11,286.3125,286.3125,266.247,271.551,17693800,125.5067
2004-05-10,304.9635,304.9635,288.258,293.694,17445500,135.7408
2004-05-07,323.262,323.262,304.1685,305.892,13725500,141.3786
2004-05-06,319.107,325.8255,317.4285,323.88,9886200,149.6923
2004-05-05,312.9195,315.9255,309.03,313.671,8912400,144.9739
2004-05-04,303.0195,315.3945,303.0195,309.2955,14069400,142.9516
2004-05-03,314.688,314.688,298.467,302.754,17936300,139.9282
2004-04-30,324.411,327.24,313.803,316.4115,14691200,146.2405
2004-04-29,337.4055,337.4055,323.748,325.4715,17653400,150.4279
2004-04-28,353.5815,353.5815,331.041,339.7035,15166900,157.0057
2004-04-27,360.477,360.477,333.3825,335.328,12838900,154.9834
2004-04-23,365.9565,375.681,360.3435,362.244,9929300,167.4236
2004-04-22,367.3275,368.52,360.741,362.4645,14257200,167.5255
2004-04-21,352.698,367.194,350.9295,365.205,14042400,168.7921
2004-04-20,347.8365,353.847,342.885,352.167,11988400,162.7662
2004-04-19,350.046,352.212,343.062,346.023,8166900,159.9265
2004-04-16,232.774,236.428,232.185,233.334,8750800,107.8434
2004-04-15,357.117,361.5375,346.1115,348.1005,17886900,160.8867
2004-04-13,350.9295,357.7365,344.2995,356.5425,8685300,164.7885
2004-04-12,355.35,358.3545,347.9685,350.046,9365700,161.7859
2004-04-08,348.2775,355.7475,341.913,353.4045,15793300,163.3381
2004-04-07,371.88,371.88,342.267,347.3055,13595800,160.5193
2004-04-06,360.6525,361.3605,347.217,350.7975,11079000,162.1332
2004-04-05,359.3715,365.427,356.4105,358.974,10444200,165.9122
2004-04-02,348.72,357.7365,342.3105,356.499,13431400,164.7683
2004-04-01,338.5545,348.2775,337.758,347.2605,9345500,160.4985
2004-03-31,335.9025,342.0465,332.544,339.129,9856600,156.7402
2004-03-30,336.786,342.8415,331.9695,337.7145,14470000,156.0864
2004-03-29,331.482,337.671,321.45,335.637,10895100,155.1262
2004-03-26,331.9695,336.168,327.6375,332.322,10954900,153.5941
2004-03-25,316.5435,331.3935,314.9085,325.7805,14738200,150.5707
2004-03-24,323.5275,323.5275,311.2395,314.4225,14952100,145.3212
2004-03-23,322.6425,330.1125,319.593,322.422,12735900,149.0185
2004-03-22,345.6255,345.6255,319.3725,323.1735,13308100,149.3658
2004-03-19,341.2065,348.012,333.339,344.211,15286700,159.089
2004-03-18,350.046,352.698,337.758,339.6585,13956000,156.9849
2004-03-17,348.366,354.465,344.388,350.001,14675800,161.7651
2004-03-16,335.9025,351.5925,335.9025,346.6425,21118500,160.2128
2004-03-15,378.3315,378.3315,337.272,346.3335,22527600,160.07
2004-03-12,366.576,374.355,363.9675,372.543,15147600,172.1836
2004-03-11,381.957,383.1945,366.6645,371.5695,14155900,171.7337
2004-03-10,389.382,391.4145,382.8405,385.05,15658600,177.9642
2004-03-09,396.8955,396.8955,386.6415,391.149,16031600,180.783
2004-03-08,392.697,399.459,388.1445,397.5135,14500000,183.7246
2004-03-05,380.8515,392.3865,376.3875,391.2375,17845700,180.824
2004-03-04,380.10,387.9675,374.8845,378.642,13827500,175.0025
2004-03-03,388.674,395.3925,385.8465,389.382,18640400,179.9664
2004-03-01,384.255,386.5965,371.7915,385.536,16774100,178.1888
2004-02-27,377.271,380.94,363.879,377.757,25960400,174.5935
2004-02-26,378.288,387.747,371.835,374.178,16400100,172.9393
2004-02-25,392.9175,393.138,375.327,378.6855,18586900,175.0226
2004-02-24,380.9835,393.36,376.83,391.9455,19141800,181.1512
2004-02-23,393.36,398.31,379.8345,383.0175,12665400,177.0248
2004-02-20,385.404,394.464,381.3375,388.3215,18873400,179.4762
2004-02-19,399.90,403.701,383.769,386.3325,21511000,178.5569
2004-02-18,403.083,404.1885,396.012,397.6905,11420200,183.8064
2004-02-17,395.127,402.111,391.5915,401.226,16979700,185.4405
2004-02-16,384.6075,398.133,384.6075,392.343,15782900,181.3349
2004-02-13,378.3315,388.674,376.653,387.57,18160000,179.1289
2004-02-12,383.37,383.8575,371.7465,377.139,13989300,174.3078
2004-02-11,369.492,381.8685,368.6085,380.409,22097400,175.8192
2004-02-10,375.813,376.5645,361.5375,367.062,14708700,169.6504
2004-02-09,368.6085,375.636,365.5155,373.692,13457600,172.7147
2004-02-06,359.637,366.8415,354.819,365.3385,17352200,168.8538
2004-02-05,369.492,374.796,347.88,353.979,24097200,163.6036
2004-02-04,343.947,368.52,343.062,367.2825,24239100,169.7523
2004-02-03,358.974,363.216,338.0235,340.9845,21952700,157.5978
2004-01-30,383.724,386.067,355.482,359.0625,22509000,165.9532
2004-01-29,391.149,393.36,376.653,380.9835,17669700,176.0847
2004-01-28,390.708,400.785,379.7025,384.432,18303800,177.6785
2004-01-27,379.2165,393.7125,376.5645,392.034,11829400,181.1921
2004-01-23,354.5535,379.791,354.465,376.344,15887200,173.9404
2004-01-22,376.962,382.221,341.6475,349.7805,24006400,161.6632
2004-01-21,383.1945,394.509,364.4535,369.0945,16378600,170.5898
2004-01-20,403.9665,409.5795,381.957,390.00,19860500,180.252
2004-01-19,387.2595,405.2925,377.5815,402.8175,18531800,186.176
2004-01-16,430.6185,433.2705,382.266,385.9335,13591700,178.3725
2004-01-15,403.215,412.629,389.0715,393.183,12448300,181.7231
2004-01-14,399.5475,408.387,399.5475,403.392,10788700,186.4416
2004-01-13,393.5355,398.2215,387.348,396.984,9653200,183.4799
2004-01-12,388.056,394.95,381.8685,392.475,11120300,181.3959
2004-01-09,399.3255,401.7135,380.9835,390.663,13897700,180.5584
2004-01-08,394.641,397.6905,392.7405,394.9065,7412600,182.5197
2004-01-07,381.2055,392.343,376.167,390.3975,15874400,180.4357
2004-01-06,393.2715,396.1875,378.3315,381.4695,11345900,176.3093
2004-01-05,400.608,401.6685,385.095,390.222,12991400,180.3546
2004-01-02,396.012,403.878,396.012,398.3535,8361100,184.1128
2004-01-01,393.624,398.133,393.0495,394.287,8357500,182.2334
2003-12-31,345.759,393.7575,345.759,391.857,14501000,181.1103
2003-12-30,390.708,393.183,375.681,380.7195,11483400,175.9627
2003-12-29,380.0115,391.635,376.122,388.7625,7904600,179.68
2003-12-26,368.9625,375.681,365.073,374.7075,9105100,173.184
2003-12-24,415.281,415.281,348.366,363.3495,13569400,167.9345
2003-12-23,356.4105,356.4105,347.703,349.56,7784800,161.5612
2003-12-22,351.6375,357.0735,349.206,354.7755,10193600,163.9718
2003-12-19,351.0615,354.7305,347.4375,349.869,10861500,161.7041
2003-12-18,344.256,352.4325,339.7035,350.3115,12300100,161.9086
2003-12-17,341.295,343.548,337.3605,339.3945,8834300,156.8629
2003-12-16,344.1225,345.4485,338.643,342.267,12265700,158.1905
2003-12-15,337.671,347.3055,336.786,346.422,16780500,160.1109
2003-12-12,325.2945,335.9025,319.3725,333.9135,14446800,154.3297
2003-12-11,328.6545,328.6545,321.096,323.571,8910600,149.5495
2003-12-10,322.6425,329.007,320.8755,323.8365,11605100,149.6722
2003-12-09,323.5275,324.234,319.6815,321.9795,6946600,148.814
2003-12-08,314.9085,322.113,311.2395,318.8415,11387600,147.3636
2003-12-05,327.063,330.2895,312.477,313.9365,12174600,145.0966
2003-12-04,324.1905,327.018,318.5775,324.588,11100500,150.0196
2003-12-03,328.8315,329.538,322.731,324.765,8924100,150.1014
2003-12-02,331.218,334.0455,323.3055,326.7975,14199600,151.0408
2003-12-01,321.759,327.9465,321.582,326.754,11052700,151.0207
2003-11-28,318.2235,323.262,314.511,319.0185,19929300,147.4454
2003-11-27,312.2565,319.0635,310.401,312.477,14165900,144.422
2003-11-25,310.2675,312.213,306.1575,311.064,12332800,143.769
2003-11-24,307.218,311.9025,302.886,307.8375,15060900,142.2778
2003-11-21,297.495,305.229,294.18,304.08,18795700,140.5411
2003-11-20,308.5005,323.394,295.7715,297.5835,14229300,137.5385
2003-11-19,312.9195,313.6275,303.8145,305.052,12410600,140.9903
2003-11-18,324.279,324.411,312.2565,314.1135,13310700,145.1784
2003-11-17,315.3945,326.091,308.9415,323.439,13494200,149.4885
2003-11-14,210.381,213.151,205.755,207.14,17660000,95.7369
2003-11-13,322.9965,326.4885,313.14,315.7485,12986900,145.9341
2003-11-12,324.4995,326.4435,320.964,322.422,9636500,149.0185
2003-11-11,325.692,329.361,321.3165,323.217,12659600,149.3859
2003-11-10,309.384,329.4495,309.384,326.355,11766300,150.8363
2003-11-07,332.7195,334.311,321.759,324.1455,14591100,149.8151
2003-11-06,327.5055,333.2505,324.543,331.5705,17808300,153.2468
2003-11-05,329.538,330.9525,321.405,325.6485,16076700,150.5097
2003-11-04,338.5545,339.3495,325.56,328.566,20456100,151.8581
2003-11-03,319.9905,335.9025,318.2235,334.0905,21549900,154.4115
2003-10-31,309.87,318.135,309.87,316.323,20854400,146.1996
2003-10-30,293.472,311.151,290.379,307.704,49586300,142.216
2003-10-29,292.5885,294.9315,284.6775,292.1025,24805700,135.0053
2003-10-28,292.146,296.478,285.5175,289.8045,31229800,133.9432
2003-10-27,304.9635,306.732,289.716,291.3075,21091200,134.6378
2003-10-24,203.162,203.162,193.881,201.158,27591500,92.9721
2003-10-23,301.428,308.9415,296.655,298.599,22692600,138.0079
2003-10-22,297.45,309.384,296.655,301.296,29100100,139.2544
2003-10-21,306.732,316.809,290.2905,295.2405,32515800,136.4556
2003-10-20,316.455,317.34,303.285,305.052,14571700,140.9903
2003-10-17,318.2235,319.9905,312.1245,314.511,17567600,145.3621
2003-10-16,307.6155,321.273,305.583,318.4005,29147700,147.1598
2003-10-15,289.893,304.9635,285.9585,303.285,31379600,140.1737
2003-10-14,303.6375,305.76,287.2845,288.876,25059800,133.514
2003-10-13,282.9975,303.1965,282.114,301.251,19814100,139.2336
2003-10-10,277.4295,282.8655,275.793,281.8935,12402400,130.2868
2003-10-09,269.031,276.5895,268.8105,275.13,13951700,127.1608
2003-10-08,268.722,272.4345,264.5235,268.545,17578300,124.1174
2003-10-07,259.0875,273.054,258.2025,268.8105,30464200,124.2401
2003-10-06,250.1595,258.9105,249.8055,257.673,14777000,119.0925
2003-10-03,239.817,250.1595,239.5515,248.4795,15467600,114.8434
2003-10-01,241.143,242.5575,237.9165,238.977,12257000,110.4515
2003-09-30,237.9165,241.143,234.468,239.8605,16210400,110.8598
2003-09-29,234.159,243.309,234.159,237.8715,20977600,109.9405
2003-09-26,231.993,235.9275,231.33,234.9105,16886600,108.572
2003-09-25,226.734,235.5735,226.734,230.7555,26697500,106.6516
2003-09-24,227.706,231.33,226.4685,229.917,19125200,106.2641
2003-09-23,217.3635,227.1765,216.5685,225.8505,18275900,104.3846
2003-09-22,221.8725,225.717,216.7005,218.115,20283300,100.8094
2003-09-19,223.1985,228.06,219.441,225.5415,21463200,104.2418
2003-09-18,230.0055,230.4465,219.7065,221.253,18478800,102.2597
2003-09-17,235.5735,240.258,228.546,231.4185,19593400,106.9581
2003-09-16,219.663,233.7615,214.845,232.392,20300000,107.408
2003-09-15,215.022,222.756,215.022,219.3975,18635300,101.4021
2003-09-12,229.386,230.6235,220.989,222.7125,15343700,102.9343
2003-09-11,230.712,233.2755,220.989,229.032,12547400,105.8551
2003-09-10,265.1865,265.1865,222.315,229.6515,18555900,106.1414
2003-09-09,237.2535,237.2535,226.734,227.9715,14978800,105.3649
2003-09-08,239.463,239.5065,234.027,235.131,14869300,108.6739
2003-09-05,230.049,237.606,229.518,236.193,18795300,109.1648
2003-09-04,224.5245,234.867,223.242,227.6175,28464100,105.2013
2003-09-03,224.4795,231.066,220.635,223.596,26851200,103.3426
2003-09-02,225.8055,227.1765,220.104,223.5525,11074700,103.3225
2003-09-01,223.641,226.116,219.8835,224.4795,13156500,103.751
2003-08-29,219.8835,227.442,214.2255,223.95,22909800,103.5062
2003-08-28,223.728,224.391,215.994,217.2315,13954500,100.4011
2003-08-27,228.5025,231.243,222.402,224.259,17417700,103.6491
2003-08-26,213.4755,227.1765,213.033,226.0275,19830500,104.4664
2003-08-25,225.408,227.088,208.1715,212.988,18729000,98.4398
2003-08-22,220.7235,227.1765,218.5575,223.287,18687400,103.1998
2003-08-21,216.348,222.4905,214.8015,218.115,12015700,100.8094
2003-08-20,223.464,224.391,214.359,215.0655,16004500,99.40
2003-08-19,230.7555,234.9555,219.3975,221.916,22304400,102.5662
2003-08-18,215.7285,229.4295,215.685,228.369,25782200,105.5486
2003-08-14,213.4755,217.011,212.856,214.668,20393100,99.2162
2003-08-13,210.8235,213.165,206.889,211.9275,18859300,97.9496
2003-08-12,210.381,214.2255,206.8455,209.2755,17665300,96.7239
2003-08-11,205.4745,211.884,203.619,209.3205,18606100,96.7447
2003-08-08,199.773,206.9775,198.7125,205.9605,24868000,95.1918
2003-08-07,193.6305,199.6845,191.022,198.2265,17391800,91.6172
2003-08-06,190.05,196.149,189.21,191.4645,21736300,88.4919
2003-08-05,193.5855,195.7515,188.856,190.6695,17593900,88.1245
2003-08-04,187.398,194.028,187.398,193.188,16254900,89.2885
2003-08-01,185.3205,190.3155,183.9945,189.1665,17247600,87.4298
2003-07-31,186.4695,187.752,182.1825,183.906,15991900,84.9985
2003-07-30,187.266,188.901,183.9945,184.8795,15984400,85.4485
2003-07-29,179.442,186.8235,177.852,185.94,20664300,85.9386
2003-07-28,178.5585,182.979,178.2495,179.3985,16497100,82.9152
2003-07-25,169.719,176.2605,169.056,174.669,13313200,80.7293
2003-07-24,169.719,169.719,165.387,168.5265,13632200,77.8903
2003-07-23,167.775,169.896,161.808,164.769,33388300,76.1537
2003-07-22,167.5095,170.514,163.0005,164.3265,17722900,75.9492
2003-07-21,175.023,178.0725,167.598,168.8355,15638800,78.0332
2003-07-18,171.399,175.9065,170.6025,174.006,12993800,80.4229
2003-07-17,176.6145,180.1935,171.4875,172.9455,19057500,79.9327
2003-07-16,169.719,176.349,168.3045,175.641,15844500,81.1786
2003-07-15,169.719,171.1335,164.946,168.8355,16287400,78.0332
2003-07-14,159.111,169.233,159.111,167.907,9593500,77.604
2003-07-11,157.962,163.443,157.83,162.5145,12616600,75.1117
2003-07-10,152.6595,157.4325,152.217,156.7245,8320800,72.4356
2003-07-09,155.0895,155.1345,151.8195,152.2605,4950500,70.3725
2003-07-08,158.0955,158.448,153.9405,155.001,9021900,71.6391
2003-07-07,152.9235,156.99,151.422,155.0895,8753900,71.68
2003-07-04,152.9235,154.4715,151.377,152.571,5720200,70.516
2003-07-03,155.046,156.195,151.2885,152.349,7704100,70.4134
2003-07-02,151.509,154.515,151.509,152.9685,11227800,70.6997
2003-07-01,151.1565,153.2775,148.1949,150.537,11422600,69.5759
2003-06-30,147.8412,151.7745,147.8412,149.6976,8738800,69.1879
2003-06-27,141.9188,148.1949,140.5486,147.3993,16842000,68.1257
2003-06-26,143.8635,144.0844,139.7531,140.4603,10457500,64.9186
2003-06-25,141.6535,144.217,141.6535,143.2005,8104600,66.1851
2003-06-24,139.6647,142.1839,138.8691,141.30,7924500,65.3067
2003-06-23,138.7808,142.9796,138.7808,139.6647,10150600,64.5509
2003-06-20,138.6039,140.637,137.9851,139.2227,5597000,64.3466
2003-06-19,136.0846,139.974,135.952,139.0017,11286600,64.2444
2003-06-18,134.361,137.1012,133.8306,135.3333,7819100,62.549
2003-06-17,132.2395,133.8306,131.3114,133.1676,4837400,61.548
2003-06-16,132.6814,132.9467,130.2948,130.781,3645500,60.4449
2003-06-13,133.3885,133.9189,132.1511,132.6814,4171100,61.3233
2003-06-12,133.4771,134.1842,132.2395,132.6372,4474300,61.3029
2003-06-11,134.361,135.4659,131.9744,133.8749,7047200,61.8749
2003-06-10,138.3387,139.0017,132.6372,133.4771,7227300,61.691
2003-06-09,136.1289,138.0735,134.2725,137.499,8336500,63.5499
2003-06-06,142.0956,144.0844,141.963,143.3773,11452700,60.7206
2003-06-05,139.6204,141.2558,138.4272,140.6812,8820000,59.5788
2003-06-04,139.0017,139.2227,136.836,138.1177,4790400,58.4931
2003-06-03,140.1066,140.5929,136.5708,137.7642,6232300,58.3434
2003-06-02,140.1066,142.4049,138.6039,139.3995,7220600,59.036
2003-05-30,148.5042,148.5042,137.278,139.6647,15809200,59.1483
2003-05-29,131.7091,136.9245,128.6595,135.3776,20220900,57.3327
2003-05-28,127.2894,129.897,125.0794,129.676,5614400,54.9181
2003-05-27,130.3389,130.7367,125.5214,126.1402,3166700,53.4206
2003-05-26,130.8252,130.8252,128.6152,129.0573,3406300,54.656
2003-05-23,126.5381,128.9688,126.5381,128.3501,3443400,54.3565
2003-05-22,125.3447,127.2894,124.9468,126.317,4157300,53.4955
2003-05-21,124.6817,126.2729,124.6817,124.9026,2550100,52.8965
2003-05-20,121.1016,124.4164,121.1016,123.9745,3027900,52.5035
2003-05-19,123.0463,124.8585,122.4276,122.9137,2412200,52.0542
2003-05-16,123.0906,124.549,122.1182,122.8695,2993300,52.0355
2003-05-15,121.1016,123.5325,120.6597,123.1347,3116400,52.1478
2003-05-14,119.8641,121.8972,119.2454,120.5271,4276100,51.0435
2003-05-13,118.4497,119.3337,118.0078,119.157,1515100,50.4632
2003-05-12,118.4497,119.5105,117.8753,118.2731,1672100,50.0889
2003-05-09,116.7702,118.5382,115.7979,118.0962,2465500,50.014
2003-05-08,117.5658,117.7869,116.1515,116.5935,2559900,49.3776
2003-05-07,120.3502,120.4828,117.6543,118.2731,3252900,50.0889
2003-05-06,119.9967,121.0132,119.1128,119.9084,2536400,50.7814
2003-05-05,118.4497,120.2177,118.1846,119.7758,3325100,50.7253
2003-05-02,117.0354,117.8753,116.0631,117.0354,2173800,49.5647
2003-04-30,115.0908,117.2565,115.0024,116.8144,3854000,49.4711
2003-04-29,117.5658,117.5658,114.2952,114.7813,4266000,48.6101
2003-04-28,112.3504,116.284,112.2621,115.8864,5845400,49.0781
2003-04-25,113.1461,114.2069,111.8202,113.1461,3499100,47.9176
2003-04-24,114.6488,116.6819,111.5107,112.4831,9352300,47.6368
2003-04-23,116.9028,117.3448,113.1461,113.7207,2833800,48.1609
2003-04-22,118.4497,118.8475,116.0631,116.5493,2313000,49.3588
2003-04-21,116.6819,118.3171,116.4166,117.6984,2603600,49.8455
2003-04-17,117.6543,118.0078,115.7096,116.4166,3819000,49.3027
2003-04-16,116.5935,118.8918,115.1349,118.4497,4049300,50.1637
2003-04-15,121.1016,121.1016,113.8533,115.9747,5146100,49.1155
2003-04-11,122.6486,125.3889,119.3337,121.1016,2533400,51.2868
2003-04-10,124.549,126.1402,121.632,122.8695,3212400,52.0355
2003-04-09,124.6375,125.3004,123.3116,124.1071,2472800,52.5596
2003-04-08,120.3502,127.2009,120.3502,125.4772,3190300,53.1399
2003-04-07,124.6375,129.0573,124.4164,127.8639,5147900,54.1506
2003-04-04,121.9855,124.549,121.9855,124.1071,3409400,52.5596
2003-04-03,122.6486,122.7812,121.3668,122.3393,1942300,51.8109
2003-04-02,120.7039,121.8089,120.4388,121.5436,2344600,51.474
2003-04-01,118.4497,120.969,118.2731,119.4222,2951800,50.5755
2003-03-31,120.0851,120.0851,116.6819,118.1846,4821400,50.0514
2003-03-28,119.2454,119.9524,116.0631,118.3171,7190500,50.1075
2003-03-27,121.1016,121.4553,119.2896,119.5548,5771500,50.6317
2003-03-26,123.6651,123.6651,121.3227,121.7203,4263500,51.5488
2003-03-25,121.1016,122.5159,119.3337,121.7203,3765700,51.5488
2003-03-24,127.2894,127.2894,121.8089,122.295,5206300,51.7922
2003-03-21,82.2961,83.622,81.913,83.0622,4033100,35.177
2003-03-20,120.2177,123.6209,119.7758,123.0906,4926300,52.1291
2003-03-19,120.2177,121.6763,119.3337,120.0409,4077000,50.8376
2003-03-17,119.3337,119.6872,116.7261,118.5382,4388200,50.2012
2003-03-13,121.8972,121.8972,118.6266,119.3337,5111400,50.5381
2003-03-12,121.632,122.8695,119.8641,121.1016,7055700,51.2868
2003-03-11,118.1404,122.3833,118.1404,121.5436,7809100,51.474
2003-03-10,121.8972,122.4276,119.157,119.6432,5697300,50.6691
2003-03-07,123.7534,125.0794,121.5436,121.9414,8095600,51.6424
2003-03-06,130.0296,130.1622,125.2563,125.7865,7681700,53.2708
2003-03-05,127.5103,130.2948,125.9634,129.5876,9482800,54.8806
2003-03-04,130.8252,131.0019,127.5103,127.9082,6451600,54.1693
2003-03-03,133.9189,134.361,131.0019,131.3554,5142200,55.6293
2003-02-28,132.9909,135.8195,131.7091,132.9467,11978100,56.3032
2003-02-27,130.6926,133.4771,130.4274,131.3114,14493200,55.6106
2003-02-26,131.2671,133.6538,129.676,130.6926,16096900,55.3486
2003-02-25,134.3168,134.3168,131.1345,131.8418,4614200,55.8352
2003-02-24,134.7588,136.6593,133.9189,134.2284,4240800,56.846
2003-02-21,135.952,136.4382,133.8306,134.0958,6150000,56.7898
2003-02-20,137.8968,138.5155,135.6869,135.952,4346200,57.576
2003-02-19,138.6923,139.7089,137.72,138.2504,5988300,58.5493
2003-02-18,136.1289,139.046,136.1289,137.2338,7211500,58.1188
2003-02-17,135.6427,136.5267,135.2449,135.4659,3855900,57.3701
2003-02-14,136.5708,136.5708,133.2118,133.6096,3961600,56.5839
2003-02-12,136.7477,137.6316,135.4659,136.173,1895700,57.6695
2003-02-11,137.4107,138.2061,135.7311,136.5267,2717300,57.8193
2003-02-10,139.4878,139.4878,136.4382,136.7477,2344000,57.9129
2003-02-07,138.9576,141.3442,137.72,139.3111,5686600,58.9985
2003-02-06,136.1289,138.6481,135.8195,138.1177,2988100,58.4931
2003-02-05,136.2173,137.4107,135.0681,136.5267,2799000,57.8193
2003-02-04,138.6039,139.5321,136.2173,136.5708,3709200,57.838
2003-02-03,134.8029,138.2504,134.8029,137.2338,3826400,58.1188
2003-01-31,135.1565,135.1565,132.2395,134.4051,5288600,56.9208
2003-01-30,137.0129,138.0294,134.4493,134.9798,6094700,57.1642
2003-01-29,137.8968,139.3111,135.3333,136.5267,5348400,57.8193
2003-01-28,135.2449,137.6758,131.7975,136.3941,9506100,57.7632
2003-01-27,137.6758,137.8084,134.1842,135.2449,5752300,57.2765
2003-01-24,143.9519,144.5265,137.4547,138.1177,9620900,58.4931
2003-01-23,140.1066,143.4215,138.2504,142.5375,12347800,60.3649
2003-01-22,140.7254,143.0236,139.2669,139.7531,7281800,59.1857
2003-01-21,138.0294,140.9022,137.1012,140.2392,5854900,59.3916
2003-01-20,135.8637,138.5155,135.8637,137.1896,6451600,58.10
2003-01-17,133.3445,136.1289,133.1676,135.5542,4826400,57.4075
2003-01-16,131.1345,134.0073,131.0903,132.9467,3067900,56.3032
2003-01-15,132.5931,132.8583,130.9578,131.444,3007100,55.6668
2003-01-14,132.4162,133.6538,131.0903,132.1953,4079700,55.985
2003-01-13,132.5931,134.2725,132.1511,132.3279,2352000,56.0411
2003-01-10,133.4771,134.361,131.444,132.1069,3672300,55.9475
2003-01-09,133.3002,133.698,131.8858,133.1676,2759500,56.3967
2003-01-08,129.9413,132.6814,129.4992,131.9744,3980300,55.8914
2003-01-07,129.5434,130.56,128.8362,129.5434,2626800,54.8619
2003-01-06,132.0184,132.0184,127.9522,128.7479,3361000,54.525
2003-01-03,134.361,134.361,131.3554,131.6649,2691100,55.7603
2003-01-02,154.692,154.692,132.1511,132.4605,3583400,56.0973
2003-01-01,134.3168,134.8029,133.3002,133.9189,4060000,56.7149
2002-12-31,131.7091,134.361,131.488,133.9632,6631300,56.7337
2002-12-30,131.7091,133.6538,130.7367,131.6207,3977400,55.7416
2002-12-27,130.8252,133.1676,130.4715,132.2395,5470100,56.0037
2002-12-26,128.1733,131.5323,128.0849,130.1622,7836700,55.1239
2002-12-24,127.2894,128.6152,126.5821,128.0849,3820700,54.2442
2002-12-23,126.8474,128.2617,126.4938,127.7313,7017200,54.0945
2002-12-20,124.1071,126.6264,123.0463,126.2286,7226600,53.4581
2002-12-19,123.5767,124.1955,122.5159,123.3999,2591900,52.2601
2002-12-18,121.9855,124.549,121.3668,123.5767,3358000,52.335
2002-12-17,122.6044,123.2232,120.6597,121.632,2669200,51.5114
2002-12-16,124.6375,126.6705,122.1182,122.6486,5217600,51.9419
2002-12-13,123.2232,124.9911,122.6928,124.6375,3303400,52.7842
2002-12-12,124.4164,124.4164,121.5436,122.074,2898400,51.6986
2002-12-11,124.3722,124.3722,121.5878,123.0463,1964300,52.1104
2002-12-10,121.5436,123.5767,120.6597,123.0021,2710000,52.0916
2002-12-09,125.5214,126.6264,121.3227,122.074,3825200,51.6986
2002-12-06,121.1016,125.0794,121.1016,124.4607,2840800,52.7093
2002-12-05,120.9249,122.3833,120.4828,121.0575,1845800,51.2681
2002-12-04,120.2177,121.4553,119.4222,119.9524,2471400,50.8001
2002-12-03,123.3116,124.2839,119.9524,120.7039,4511100,51.1184
2002-12-02,123.7977,126.1402,122.1182,122.9137,5867600,52.0542
2002-11-29,80.7344,82.6497,80.4987,82.2077,7293400,34.8151
2002-11-28,120.0409,121.6763,119.5989,121.2342,4251800,51.3429
2002-11-27,121.9855,121.9855,118.5382,118.9801,2193800,50.3883
2002-11-26,120.4388,122.6486,119.4222,121.8529,4591700,51.605
2002-11-25,117.5658,120.4828,117.2123,119.2011,3565900,50.4819
2002-11-22,117.3891,119.2454,116.5935,118.0962,5143700,50.014
2002-11-21,117.168,118.6266,116.4166,116.7702,3782100,49.4524
2002-11-20,116.3726,117.3448,115.5327,116.1957,3314100,49.2091
2002-11-18,113.1461,117.2565,113.1461,115.5327,6378900,48.9283
2002-11-15,110.2733,112.5715,109.5219,111.9969,3850300,47.4309
2002-11-14,110.0523,111.3339,109.1682,109.3893,1747100,46.3266
2002-11-13,111.3781,111.6434,109.8312,110.0523,1395200,46.6074
2002-11-12,126.0076,126.0076,108.3727,110.7151,1495300,46.8881
2002-11-11,110.1849,111.2898,108.9473,109.3893,1775300,46.3266
2002-11-08,111.9969,112.2621,110.1849,110.9804,1808400,47.0004
2002-11-07,112.3064,113.8533,111.3781,112.3064,3254700,47.562
2002-11-05,111.3781,113.3229,110.9362,112.0411,3792000,47.4496
2002-11-04,106.9584,112.0411,106.9584,111.6876,1787500,47.2999
2002-11-01,111.776,114.6046,109.2124,109.7429,5812700,46.4763
2002-10-31,107.8423,111.9085,107.5329,110.7594,8870400,46.9068
2002-10-30,105.1463,105.9418,102.6713,103.2017,1361700,43.7061
2002-10-29,101.6547,104.7484,99.9752,104.3949,1292700,44.2114
2002-10-28,104.0856,104.9253,100.8591,102.5387,967600,43.4253
2002-10-25,103.4226,104.2182,102.9364,103.3343,681800,43.7623
2002-10-24,105.6324,105.7209,103.7319,104.0414,701800,44.0617
2002-10-23,105.8535,107.2677,105.1905,105.4999,590900,44.6794
2002-10-22,106.6049,106.6049,105.3674,106.1187,984000,44.9415
2002-10-21,105.2348,106.8258,104.8811,105.9418,1083300,44.8666
2002-10-18,107.8423,107.9307,105.1905,105.5441,1566800,44.6981
2002-10-17,108.4611,108.4611,106.6489,107.2236,1139000,45.4094
2002-10-16,108.7263,110.0523,107.8423,108.2402,1609900,45.8399
2002-10-14,107.8423,109.0357,107.0026,108.0633,835400,45.765
2002-10-11,107.7981,108.638,106.2954,106.6932,995000,45.1848
2002-10-10,105.4557,107.1353,103.8645,105.9861,698700,44.8853
2002-10-09,106.6932,106.9142,105.6324,105.765,584100,44.7917
2002-10-08,106.9142,107.5329,105.765,106.1628,878600,44.9602
2002-10-07,104.2182,107.2677,104.1297,106.7375,1143400,45.2035
2002-10-04,103.8204,104.6601,103.511,104.3507,842600,44.1927
2002-10-03,103.4226,103.9971,102.627,103.511,1010200,43.8371
2002-10-01,102.9806,103.4226,101.4337,103.0248,1166900,43.6312
2002-09-30,103.3783,105.2788,102.4502,102.7596,2555300,43.5189
2002-09-27,102.4502,103.4226,102.1409,103.1574,2280200,43.6874
2002-09-26,103.3783,103.3783,102.0966,102.2734,878800,43.313
2002-09-25,101.6547,103.2457,101.6547,102.9364,1170200,43.5938
2002-09-24,102.9364,103.4668,101.3452,102.4944,1264700,43.4066
2002-09-23,103.4226,103.8645,101.8314,102.6713,934500,43.4815
2002-09-20,102.627,104.2182,102.0966,103.5552,1515700,43.8558
2002-09-19,104.7484,104.9253,103.1574,103.8645,1377200,43.9868
2002-09-18,106.2954,106.7375,104.174,104.9253,1623100,44.4361
2002-09-17,106.9584,107.7981,106.1628,106.6489,945800,45.166
2002-09-16,107.4005,108.0192,106.2071,106.3838,745200,45.0537
2002-09-13,106.6932,108.1959,106.5164,107.1353,1286800,45.372
2002-09-12,106.5164,108.1076,106.0745,106.4722,1798200,45.0912
2002-09-11,107.1353,108.0192,105.8976,106.4722,1024400,45.0912
2002-09-09,107.4445,108.7263,105.765,106.87,1213700,45.2597
2002-09-06,109.566,110.8477,107.1794,107.7981,1676700,45.6527
2002-09-05,109.5219,110.5826,108.5937,110.1849,1534100,46.6635
2002-09-04,106.2513,109.0357,106.2513,108.7263,762300,46.0458
2002-09-03,109.566,109.8754,107.9307,108.5495,737200,45.9709
2002-09-02,110.7594,111.8202,109.2124,109.6103,2298800,46.4202
2002-08-30,106.2513,110.0523,105.3674,109.2124,3519700,46.2517
2002-08-29,105.4114,107.3119,105.0579,105.3231,2801900,44.6045
2002-08-28,106.0745,108.5937,105.4114,106.4722,4127400,45.0912
2002-08-27,108.7263,109.1682,106.0745,106.2954,1748300,45.0163
2002-08-26,107.5772,109.345,107.4005,108.3727,2171900,45.8961
2002-08-23,107.2677,108.4169,104.8369,107.7098,2890600,45.6153
2002-08-22,106.9584,108.5495,106.9584,107.3119,3392700,45.4468
2002-08-21,103.9087,107.1794,103.9087,105.9861,2561000,44.8853
2002-08-20,105.2348,105.2348,103.8645,104.5275,2343100,44.2676
2002-08-19,106.0745,106.0745,103.7761,104.8811,2331300,44.4173
2002-08-16,105.6767,106.5164,104.5718,105.1021,1972200,44.511
2002-08-14,106.0745,106.6049,103.0248,104.3507,3288600,44.1927
2002-08-13,106.9142,107.754,105.7209,106.2071,1370500,44.9789
2002-08-12,104.7927,107.091,104.3065,106.0745,3491300,44.9227
2002-08-09,69.5377,69.9502,67.0626,69.3904,7758000,29.387
2002-08-08,73.2208,73.3682,67.4751,67.8876,6405000,28.7505
2002-08-07,74.1637,74.9887,72.5431,73.1619,3381500,30.9842
2002-08-06,73.0735,73.4271,71.3056,73.1914,2178900,30.9967
2002-08-05,73.0735,74.1048,71.9538,73.4566,2760200,31.109
2002-08-02,70.4511,71.8654,70.127,71.5118,2747200,30.2854
2002-08-01,74.5173,74.812,71.8949,72.3663,3694500,30.6473
2002-07-31,69.6261,74.2521,69.2725,73.545,4659800,31.1464
2002-07-30,73.8985,74.0753,69.3314,70.0386,4682400,29.6615
2002-07-29,73.486,73.486,69.4198,72.1012,5432400,30.535
2002-07-26,77.7879,77.7879,72.7788,73.1324,5558300,30.9717
2002-07-25,78.3772,80.1451,77.2576,77.7585,4090000,32.9309
2002-07-24,78.3183,78.8487,76.904,77.5522,6071500,32.8435
2002-07-23,79.0844,80.2041,76.1968,76.8745,6898200,32.5565
2002-07-22,79.5558,79.88,77.9647,78.9665,2289500,33.4425
2002-07-19,81.3237,81.3237,79.9683,80.2925,1759400,34.004
2002-07-18,81.6479,82.2961,80.1451,80.705,2488300,34.1787
2002-07-17,80.1451,81.7363,79.8505,81.3532,3091900,34.4532
2002-07-16,80.7344,81.5889,79.7032,79.9978,2877300,33.8792
2002-07-15,84.5649,84.5649,80.6755,80.9112,3617300,34.266
2002-07-12,84.0345,85.5667,84.0345,84.5649,5547500,35.8134
2002-07-11,83.0917,84.9774,82.9148,83.4452,4066800,35.3392
2002-07-10,83.8283,84.6533,83.1211,83.5631,2381900,35.3891
2002-07-09,84.889,85.714,83.8283,84.1524,3073500,35.6387
2002-07-08,85.4489,86.5391,84.2997,84.506,2122900,35.7885
2002-07-05,85.9792,86.5391,84.6533,85.1247,4085500,36.0505
2002-07-04,82.6497,85.714,82.2666,85.2426,5579500,36.1004
2002-07-03,83.5336,84.506,82.7381,83.18,3854300,35.2269
2002-07-02,85.331,85.331,83.4747,83.8872,3962700,35.5264
2002-07-01,83.5336,85.5962,83.239,85.0953,6975400,36.038
2002-06-28,81.8541,83.6809,81.088,82.9738,7618000,35.1396
2002-06-27,77.8468,81.5889,76.9629,81.2353,8200800,34.4033
2002-06-26,79.5264,79.5558,77.5227,77.6995,2481800,32.9059
