2002-06-25,78.9076,79.9094,78.112,79.6148,4730100,33.717
2002-06-24,91.8133,91.8133,76.7566,78.171,4150600,33.1056
2002-06-21,75.8138,77.9352,74.9298,76.4915,3029400,32.3943
2002-06-20,77.1397,77.1397,74.6057,75.4896,2971800,31.97
2002-06-19,78.2299,78.6719,75.195,75.9611,2420300,32.1697
2002-06-18,79.4085,79.8505,77.1986,77.9058,3177400,32.9933
2002-06-17,79.5558,80.2925,78.3772,79.0844,4030300,33.4924
2002-06-14,76.5504,79.1433,75.8432,77.8174,5257200,32.9558
2002-06-13,77.1986,81.5595,75.6664,76.0789,2145900,32.2196
2002-06-12,76.6093,78.9076,75.4307,76.9924,4892200,32.6064
2002-06-11,76.02,76.9924,75.4602,75.8727,3828900,32.1322
2002-06-10,71.4824,75.3718,71.4824,74.9298,5278500,31.7329
2002-06-07,70.1859,72.8378,69.8913,70.6279,2342500,29.9111
2002-06-06,73.0735,73.3682,70.4216,70.952,2592100,30.0483
2002-06-05,71.2761,73.8101,71.2761,72.5137,4066100,30.7097
2002-06-04,70.127,72.1601,69.3904,71.0109,3865000,30.0733
2002-06-03,65.7367,71.1583,65.7367,70.0681,3880400,29.674
2002-05-31,63.0554,65.3536,62.4661,64.5581,1603700,27.3405
2002-05-30,63.0259,65.7956,62.8491,63.1438,1905000,26.7415
2002-05-29,63.0848,63.5563,61.9062,62.7313,1533900,26.5668
2002-05-28,63.8804,64.8233,62.1714,62.525,668900,26.4795
2002-05-27,67.7698,70.127,64.7938,66.2671,763700,26.3702
2002-05-24,63.4679,66.2965,62.4661,66.0903,781600,26.2999
2002-05-23,63.9393,64.8233,61.3169,61.7294,1502000,24.5645
2002-05-22,64.8233,66.1197,63.4384,63.9982,741000,25.4674
2002-05-21,66.6206,67.7698,63.6741,65.884,1009000,26.2178
2002-05-20,69.243,69.243,68.0644,68.5653,585000,27.2848
2002-05-17,69.0073,69.7145,68.0939,69.2725,940800,27.5662
2002-05-16,70.7163,70.7163,67.9171,69.302,822900,27.5779
2002-05-15,70.127,70.127,67.7992,68.86,812900,27.4021
2002-05-14,69.302,70.127,68.7127,69.7145,840400,27.7421
2002-05-13,68.9484,69.5377,68.4769,68.9189,538300,27.4255
2002-05-10,70.8636,70.8636,68.9484,69.1252,838800,27.5076
2002-05-09,67.7698,72.7199,67.7698,70.7163,1579300,28.1407
2002-05-08,70.3922,72.0422,70.3627,71.3351,2364100,28.387
2002-05-07,68.3885,70.127,68.3885,69.8913,1092100,27.8124
2002-05-06,67.6225,70.127,67.2394,69.8029,1974100,27.7773
2002-05-03,68.035,68.5948,66.2965,67.4162,2351300,26.8275
2002-05-02,66.1492,68.86,66.0019,67.6225,2578600,26.9096
2002-04-30,65.4715,66.5617,65.2947,65.6483,601300,26.124
2002-04-29,65.7662,67.0331,64.8527,66.2671,644000,26.3702
2002-04-26,63.5268,67.1216,63.5268,66.8564,1454500,26.6047
2002-04-25,65.4126,66.2965,64.7054,65.884,1048200,26.2178
2002-04-24,64.3813,65.1768,63.8215,64.7054,465100,25.7488
2002-04-23,63.6447,64.6759,63.6447,64.2929,384100,25.5846
2002-04-22,65.7072,65.884,64.175,64.4992,947900,25.6667
2002-04-19,65.2653,66.2965,62.6134,65.0885,3267800,25.9012
2002-04-18,62.083,65.2653,62.083,64.9411,3536900,25.8426
2002-04-17,60.9633,61.8768,60.6098,61.6116,656200,24.5176
2002-04-16,60.0205,61.2874,59.9615,60.2856,407500,23.99
2002-04-15,62.2893,62.4661,60.4919,60.9044,744900,24.2362
2002-04-12,60.9633,62.7313,60.816,61.7884,2790900,24.588
2002-04-11,59.9026,61.4642,59.9026,61.0223,1122700,24.2831
2002-04-10,59.2838,59.7847,57.84,59.107,673000,23.521
2002-04-09,59.0776,59.9321,58.8124,58.9597,402000,23.4623
2002-04-08,59.5196,60.2856,58.8124,58.9302,1086300,23.4506
2002-04-05,59.1954,59.4311,58.3409,58.5177,489700,23.2865
2002-04-04,58.6061,59.3722,58.3999,58.7534,290600,23.3802
2002-04-03,58.4883,59.2249,57.9579,58.3704,415900,23.2278
2002-04-02,58.0168,59.4606,57.8106,58.6651,385600,23.3451
2002-04-01,57.9874,58.282,57.5159,57.6632,376400,22.9464
2002-03-28,57.3391,58.3409,57.0445,57.6043,1218300,22.923
2002-03-27,59.0186,59.4017,56.9266,57.1329,1421500,22.7354
2002-03-26,59.7553,59.7553,57.9579,58.8124,462600,23.4037
2002-03-22,59.5196,59.5196,58.4293,58.8419,370500,23.4155
2002-03-21,58.9302,59.5196,58.6945,58.8713,327700,23.4272
2002-03-20,60.2562,60.6982,58.8124,59.0481,805100,23.4975
2002-03-19,61.9357,62.4071,59.5785,59.8731,570100,23.8258
2002-03-18,60.1088,61.5821,59.4311,60.4624,1084300,24.0603
2002-03-15,59.3428,59.5196,58.6945,58.9597,393800,23.4623
2002-03-14,59.1365,59.8142,58.3999,58.9008,454700,23.4389
2002-03-13,58.5177,59.4901,58.5177,59.0481,771800,23.4975
2002-03-12,60.4624,60.4624,57.7811,58.1052,1098000,23.1223
2002-03-11,61.7294,61.7294,59.9321,60.0499,636600,23.8962
2002-03-08,62.1125,63.0554,60.433,60.7571,1558800,24.1776
2002-03-07,60.1088,61.2285,59.107,60.8749,1910400,24.2245
2002-03-06,60.7865,62.083,59.5196,60.1973,2578300,23.9548
2002-03-05,60.1678,66.4733,60.1678,62.5839,1589200,24.9046
2002-03-04,63.4973,65.7072,62.8491,64.8233,3697100,25.7957
2002-03-01,62.4071,63.35,61.3464,62.4366,1125300,24.8459
2002-02-28,65.3242,67.4751,61.2874,62.2598,4822100,24.7756
2002-02-27,66.2965,67.1216,64.8822,65.3242,1744100,25.995
2002-02-26,67.0331,68.035,65.1179,66.0608,5031600,26.2881
2002-02-25,66.5912,68.2412,66.0608,66.3849,4343300,26.4171
2002-02-22,61.258,66.9742,60.9928,66.709,5793700,26.5461
2002-02-21,61.5232,62.0241,60.7571,60.8749,512100,24.2245
2002-02-20,62.4661,62.5545,60.7571,60.8455,587300,24.2128
2002-02-19,64.175,64.617,61.6116,61.7589,835200,24.5763
2002-02-18,64.8527,66.2671,63.3795,63.8509,1368900,25.4087
2002-02-15,63.6447,65.3536,62.4661,64.6465,3164300,25.7253
2002-02-14,62.1125,62.4661,60.9339,61.9357,931600,24.6466
2002-02-13,63.0554,63.0554,61.3464,61.4937,764100,24.4707
2002-02-12,62.4661,63.5857,61.5232,61.9946,2303500,24.67
2002-02-11,59.4017,61.5821,59.2249,60.7571,1564900,24.1776
2002-02-08,59.6374,60.3446,58.5177,58.9597,707600,23.4623
2002-02-07,58.9302,61.2285,58.8419,58.9892,1277900,23.4741
2002-02-06,58.0463,60.4035,58.0463,59.5196,1454000,23.6851
2002-02-05,58.9892,58.9892,57.4865,57.7516,833300,22.9816
2002-02-04,59.5196,59.991,58.6356,58.8419,567300,23.4155
2002-02-01,60.0499,60.4035,58.9597,59.549,932000,23.6968
2002-01-31,58.9302,60.1678,58.3999,59.0481,1528400,23.4975
2002-01-30,56.573,58.8713,55.9837,58.5767,1587600,23.3099
2002-01-29,57.2802,57.5748,55.7775,56.3078,872300,22.407
2002-01-28,55.9837,57.1623,55.2176,56.8677,1126900,22.6299
2002-01-25,56.8971,58.9302,55.306,55.7775,2300200,22.196
2002-01-24,61.3759,61.5821,58.9302,59.107,1288000,23.521
2002-01-23,63.6447,64.175,60.9928,61.0812,1508400,24.3066
2002-01-22,67.1805,67.1805,63.0848,63.7036,1090400,25.3501
2002-01-21,65.4126,67.0626,63.0848,66.768,2038500,26.5696
2002-01-18,58.9302,65.7072,58.9302,64.175,1532900,25.5377
2002-01-17,61.2874,64.1161,60.2562,63.3795,2412900,25.2212
2002-01-16,59.8142,61.7589,59.4606,61.0517,735000,24.2948
2002-01-15,61.8768,62.4661,59.2838,59.6374,875100,23.732
2002-01-14,59.549,61.2285,59.549,60.0499,487400,23.8962
2002-01-11,61.2874,62.2009,58.3999,58.9597,1316100,23.4623
2002-01-10,59.5196,62.0241,59.5196,61.4642,2161300,24.459
2002-01-09,58.8713,60.1088,58.0463,59.6079,1679300,23.7203
2002-01-08,58.0463,59.8437,56.4257,58.4293,2078300,23.2513
2002-01-07,56.9266,58.7829,56.9266,58.2231,1153800,23.1692
2002-01-04,54.8641,56.573,54.2158,56.1605,1444800,22.3484
2002-01-03,51.8586,54.2748,51.8586,53.8917,921400,21.4456
2002-01-02,51.2104,51.8881,50.5032,51.6229,348600,20.5427
2002-01-01,51.2693,52.2711,50.3854,50.6211,288600,20.1441
2001-12-31,50.9747,51.7997,49.9139,51.3282,328400,20.4255
2001-12-28,47.4389,50.3854,46.6433,49.9729,704800,19.8861
2001-12-27,49.2362,49.7371,46.6727,47.5567,1643100,18.9246
2001-12-26,51.4461,52.2711,49.1773,49.5309,589100,19.7103
2001-12-24,52.4479,52.4479,50.8273,51.2693,959600,20.402
2001-12-21,53.656,55.1882,52.4184,52.8899,879400,21.0469
2001-12-20,51.8586,54.7167,51.8586,54.3337,1328500,21.6215
2001-12-19,53.0372,53.4497,52.2122,52.5952,746900,20.9297
2001-12-18,54.2748,54.6578,51.3282,52.9488,1107200,21.0704
2001-12-14,53.3319,54.6578,53.3319,54.1569,282200,21.5511
2001-12-13,57.1329,57.1329,53.0961,54.481,1281900,21.6801
2001-12-12,56.573,57.7516,56.2784,56.6614,786100,22.5478
2001-12-11,56.1016,57.9874,56.0132,57.015,1575800,22.6885
2001-12-10,53.3319,56.2489,53.3319,55.9543,1551400,22.2664
2001-12-07,53.3024,55.3944,52.8899,54.9819,2400400,21.8794
2001-12-06,54.8051,55.3355,52.6836,53.0961,1815100,21.129
2001-12-05,55.3944,56.4257,53.9506,54.2158,1864700,21.5746
2001-12-04,54.3632,55.8069,53.9801,55.306,1171900,22.0084
2001-12-03,53.1846,54.3926,52.9194,54.1864,923100,21.5629
2001-11-29,53.1846,53.8622,52.7426,52.9194,1279200,21.0587
2001-11-28,54.5105,54.8051,53.9212,54.0685,935600,21.5159
2001-11-27,56.0132,56.0132,54.039,54.3632,1919200,21.6332
2001-11-26,54.7167,58.0463,53.8917,55.6301,2572900,22.1374
2001-11-23,54.3042,54.7462,53.0372,53.3613,1153200,21.2345
2001-11-22,53.6265,55.2176,53.3319,53.9506,1854300,21.469
2001-11-21,51.2693,53.2729,51.0336,52.8899,1910600,21.0469
2001-11-20,53.0372,53.0372,51.2104,51.5934,1728800,20.531
2001-11-19,51.2693,52.1533,50.4148,51.505,2593500,20.4958
2001-11-15,50.3854,50.9747,50.0907,50.3264,609200,20.0268
2001-11-14,50.5032,51.122,50.238,50.5032,356300,20.0972
2001-11-13,50.0023,50.5621,49.0594,50.1202,1042800,19.9448
2001-11-12,48.9416,50.5032,48.9121,49.9729,2800700,19.8861
2001-11-09,46.2897,49.5898,46.0835,48.4996,3368200,19.2999
2001-11-08,46.8201,46.8201,45.8183,45.9361,491800,18.2797
2001-11-07,47.2326,47.3504,46.1129,46.2602,441900,18.4087
2001-11-06,47.0853,47.7335,46.2897,46.4665,579000,18.4908
2001-11-05,45.8772,46.437,45.3763,45.8477,557400,18.2446
2001-11-02,44.9343,45.8183,44.5513,45.3763,905900,18.057
2001-11-01,44.4923,45.3174,44.0798,44.3745,1099100,17.6583
2001-10-31,45.3174,45.3174,43.078,44.3745,881100,17.6583
2001-10-30,46.9969,46.9969,45.9067,46.1129,549500,18.3501
2001-10-29,47.2915,47.6746,46.8495,47.1737,916600,18.7722
2001-10-25,47.0853,47.321,46.7022,47.1442,818600,18.7605
2001-10-24,46.7612,48.3228,46.7022,47.1442,1822100,18.7605
2001-10-23,47.2031,48.2344,47.0853,47.1737,1114200,18.7722
2001-10-22,47.1442,47.3799,46.1129,46.7906,1113800,18.6198
2001-10-19,47.1442,47.704,45.4352,46.496,1313800,18.5026
2001-10-18,44.345,47.4389,44.0798,47.0853,3487600,18.7371
2001-10-17,44.5807,45.4647,43.962,45.0227,1445000,17.9163
2001-10-16,43.1959,44.5807,43.0191,43.7852,790100,17.4238
2001-10-15,42.3708,43.5494,41.7521,43.2548,775900,17.2128
2001-10-12,43.3137,43.4021,41.3101,42.1941,1156600,16.7907
2001-10-11,43.3137,43.8441,42.5771,42.7834,780300,17.0252
2001-10-10,42.4887,43.0191,42.4592,42.8423,423300,17.0486
2001-10-09,42.5182,43.1959,42.1941,42.4298,492500,16.8845
2001-10-08,41.2512,42.9602,40.7797,42.4003,1232400,16.8727
2001-10-05,41.8405,42.7244,41.0154,42.4887,846900,16.9079
2001-10-04,41.5458,42.1351,41.2512,41.428,360900,16.4858
2001-10-03,41.8405,42.3119,40.986,41.1333,670200,16.3685
2001-10-01,41.2512,42.1351,40.6913,41.0449,729300,16.3334
2001-09-28,40.0726,41.5458,39.6306,40.8387,1661500,16.2513
2001-09-27,38.894,41.0744,38.894,39.6306,2131600,15.7705
2001-09-26,42.2825,42.9602,41.7226,42.0467,574200,16.732
2001-09-25,43.1075,43.8146,41.9878,42.253,874300,16.8141
2001-09-24,43.0191,43.4021,42.2825,42.7539,357300,17.0134
2001-09-21,41.7815,43.2253,41.428,41.811,1274800,16.6382
2001-09-20,41.8405,43.4905,41.1922,42.4003,1269400,16.8727
2001-09-19,44.1977,44.1977,41.8405,42.1057,1467400,16.7555
2001-09-18,41.5458,44.6691,41.5458,43.078,1131000,17.1424
2001-09-17,46.5549,46.5549,41.7521,42.1057,1705300,16.7555
2001-09-14,47.5272,47.7335,44.3745,45.0816,1267200,17.9397
2001-09-13,48.3228,48.3228,47.321,47.6746,532200,18.9716
2001-09-12,46.0245,48.4407,45.6709,47.704,1348300,18.9833
2001-09-11,49.5014,50.0907,48.8237,49.3835,712000,19.6516
2001-09-10,50.0907,50.9452,49.1478,49.4719,1222000,19.6868
2001-09-07,48.4701,50.6211,48.4701,49.5898,1277600,19.7337
2001-09-06,48.6175,49.9434,48.3228,49.5309,1351100,19.7103
2001-09-05,50.3264,50.3264,48.6175,49.03,1312000,19.5109
2001-09-04,46.5549,49.7371,46.437,49.1773,4476600,19.5695
2001-09-03,47.2031,47.7335,46.2602,46.496,1244000,18.5026
2001-08-31,48.3523,48.7648,46.9969,47.2031,1282400,18.7839
2001-08-30,48.9121,49.6782,48.3228,48.4701,1983400,19.2881
2001-08-29,50.0907,50.3854,48.4112,48.5291,1823700,19.3116
2001-08-28,50.68,51.2398,50.0023,50.0907,1057800,19.933
2001-08-27,51.564,51.8292,50.7684,50.9157,502200,20.2613
2001-08-24,51.8586,51.8586,50.9157,51.1515,549200,20.3552
2001-08-23,52.4774,52.4774,51.122,51.2398,844000,20.3903
2001-08-21,52.9783,52.9783,52.3006,52.4479,427000,20.871
2001-08-20,53.2435,53.2729,51.8586,52.6542,1035500,20.9531
2001-08-17,53.7149,53.8622,53.0372,53.1846,711200,21.1642
2001-08-16,53.6265,54.1569,53.3024,53.4203,744900,21.258
2001-08-14,54.0685,54.0685,53.4792,53.5381,313900,21.3049
2001-08-13,54.2158,54.4221,53.4203,53.5676,496300,21.3166
2001-08-10,54.5105,54.7167,54.039,54.1569,539900,21.5511
2001-08-09,54.0685,54.8641,53.3908,54.3337,590000,21.6215
2001-08-08,53.5676,54.3926,53.5676,54.0685,430800,21.5159
2001-08-07,55.0703,55.1587,54.2158,54.3632,402700,21.6332
2001-08-06,55.0703,55.6891,54.6578,54.8051,1059500,21.8091
2001-08-03,54.3042,55.3944,53.5087,54.7757,1379400,21.7974
2001-08-02,54.4221,54.7167,54.0685,54.4515,494100,21.6684
2001-08-01,55.3944,56.1311,53.7444,54.1569,1055500,21.5511
2001-07-31,53.6265,55.6301,53.214,55.365,1856400,22.0319
2001-07-30,52.7426,53.4792,52.6836,53.0372,1366300,21.1055
2001-07-27,53.3319,54.039,52.6836,52.9488,1272400,21.0704
2001-07-26,53.3908,54.3042,52.6247,52.9488,1808800,21.0704
2001-07-25,53.6855,54.9819,53.3319,53.5087,1240800,21.2932
2001-07-24,54.8346,55.0409,52.8604,53.6855,1524600,21.3635
2001-07-23,54.5105,55.3944,53.6265,55.0998,39500,21.9263
2001-07-20,54.8641,55.6596,54.3042,54.8346,1918400,21.8208
2001-07-19,56.573,56.573,54.3926,54.6578,5045700,21.7504
2001-07-18,58.9302,60.0499,57.7516,58.9302,2099100,23.4506
2001-07-17,60.816,60.816,58.2525,58.4588,3405900,23.263
2001-07-16,60.3446,62.2598,60.2267,61.258,2201000,24.3769
2001-07-13,62.6428,63.1732,59.5785,59.7847,2697100,23.7906
2001-07-12,60.2562,61.8768,59.6963,61.3464,1705100,24.4121
2001-07-11,60.6982,62.1714,58.9302,59.166,3324500,23.5444
2001-07-10,57.899,61.8768,57.899,61.4348,3568200,24.4473
2001-07-09,58.8713,60.5803,57.015,57.5748,3779700,22.9112
2001-07-06,62.4661,63.0554,59.0186,59.8731,3588300,23.8258
2001-07-05,64.4992,74.8414,61.9357,62.4661,2402900,24.8577
2001-07-04,65.3831,66.326,61.9062,62.8196,2888500,24.9983
2001-07-03,68.9484,69.8323,65.1474,65.7662,2578400,26.1709
2001-07-02,69.1841,71.4824,68.9484,70.5395,1021500,28.0704
2001-06-29,69.5377,69.685,66.5028,67.9171,3130600,27.0268
2001-06-28,71.0109,71.3056,68.86,69.243,1488000,27.5545
2001-06-27,70.7163,71.5413,69.7145,71.0109,2042000,28.258
2001-06-26,68.7127,70.4511,68.3591,69.9502,3170700,27.8359
2001-06-25,68.9779,70.127,67.5341,68.9779,1606600,27.449
2001-06-22,71.3056,71.3056,69.0073,69.4788,1580000,27.6483
2001-06-21,73.0735,73.3387,70.0681,70.7458,1832600,28.1525
2001-06-20,74.5173,74.5173,72.4842,72.9556,1136000,29.0318
2001-06-19,72.9262,74.5173,72.7788,73.928,3453400,29.4188
2001-06-18,72.9262,73.103,71.4824,72.5726,2241200,28.8794
2001-06-15,75.1655,75.3718,72.8083,73.103,2115900,29.0905
2001-06-14,76.3441,76.6093,75.3129,75.7254,2480800,30.1341
2001-06-13,78.0826,78.2594,76.3736,76.6388,2042100,30.4975
2001-06-12,77.8468,78.6719,77.4933,77.6995,2492200,30.9196
2001-06-11,78.2004,78.7603,77.6701,78.112,1631500,31.0838
2001-06-08,77.729,79.1433,77.4933,77.8468,3329500,30.9782
2001-06-07,79.2612,79.2612,76.3147,77.3754,2348200,30.7907
2001-06-06,80.8523,81.3237,78.7897,78.9665,2501300,31.4238
2001-06-05,81.0291,81.5889,79.5853,79.9094,3200000,31.799
2001-06-04,83.9756,85.0069,80.7934,80.9996,6083400,32.2329
2001-06-01,83.9756,85.3015,82.5613,83.5042,5523500,33.2295
2001-05-31,83.7104,84.3881,82.2077,83.2095,3319900,33.1123
2001-05-30,85.7435,86.5685,83.9167,84.447,3520500,33.6047
2001-05-29,85.9203,86.8632,85.2426,85.5962,3841200,34.062
2001-05-28,83.0327,85.9792,83.0327,85.4194,5520300,33.9917
2001-05-25,83.5042,84.1819,82.5023,82.6791,1786600,32.9012
2001-05-24,83.6515,84.506,82.9148,83.3863,3136400,33.1826
2001-05-23,83.622,84.1819,82.5613,83.2095,2791700,31.1226
2001-05-22,84.5944,85.9203,83.7399,84.8006,4738600,31.7177
2001-05-21,84.6828,86.598,84.2702,84.9774,7708300,31.7838
2001-05-18,82.4729,84.2702,81.3827,83.4452,4625000,31.2107
2001-05-17,80.6755,83.9756,80.4693,81.6773,6427700,30.5495
2001-05-16,75.578,80.6755,75.578,80.2335,6316000,30.0095
2001-05-15,74.8414,75.4307,69.8913,74.7825,2556300,27.9707
2001-05-14,78.112,78.6719,75.2834,75.6664,1711700,28.3013
2001-05-11,80.1451,80.7344,78.0826,78.3772,1785000,29.3152
2001-05-10,79.5853,80.7344,78.9665,79.9389,1122600,29.8993
2001-05-09,81.0291,82.5023,79.6148,80.1157,2453700,29.9654
2001-05-08,81.0291,81.7363,80.2335,80.4693,1640600,30.0977
2001-05-07,81.5889,83.2095,80.6166,80.9702,2322800,30.285
2001-05-04,78.4951,81.913,78.3772,80.6166,3004900,30.1528
2001-05-03,80.7344,81.913,78.4951,78.8487,1819100,29.4915
2001-05-02,80.3809,83.5926,80.1157,81.3532,3657800,30.4283
2001-04-30,77.1986,79.5558,76.6683,79.1728,1726000,29.6127
2001-04-27,81.8247,81.8247,74.5468,76.8156,4216600,28.7311
2001-04-26,86.6275,87.9829,81.6184,82.8854,3996300,31.0014
2001-04-25,80.6755,86.6275,79.8505,86.0971,5726500,32.2026
2001-04-24,78.9665,80.9996,78.4656,79.6442,1678900,29.7891
2001-04-23,79.4969,82.1488,78.4067,79.7915,1614200,29.8442
2001-04-20,81.8541,81.8836,77.5227,78.9371,1783700,29.5246
2001-04-19,78.2888,83.622,77.6995,81.4416,5136600,30.4613
2001-04-18,75.4307,80.4987,74.5762,77.9942,3096400,29.1719
2001-04-17,71.3645,75.1361,71.0699,74.5468,2016700,27.8825
2001-04-16,67.2099,72.1306,67.2099,71.0404,1918700,26.571
2001-04-12,70.7752,70.7752,66.6501,67.7698,2575300,25.3477
2001-04-11,74.5173,74.7825,71.1583,71.9538,1366800,26.9126
2001-04-10,74.812,76.02,72.8672,73.3682,1296600,27.4417
2001-04-09,72.3369,75.3718,72.3369,74.6352,1247200,27.9156
2001-04-06,70.6868,74.311,70.6868,72.7494,2317400,27.2102
2001-04-04,70.4216,70.6574,68.0644,70.2449,1367800,26.2735
2001-04-03,68.0644,70.6574,68.0644,70.2449,2151600,26.2735
2001-04-02,71.394,71.394,67.7698,68.2118,1325000,25.513
2001-03-30,75.578,77.3754,71.394,72.1012,1729500,26.9678
2001-03-29,77.1986,77.9942,74.5468,75.4602,1496900,28.2241
2001-03-28,77.4638,78.9076,76.9334,77.5522,989900,29.0066
2001-03-27,78.613,78.9665,76.5504,76.8156,870100,28.7311
2001-03-26,77.1986,79.438,76.6683,78.5835,1009100,29.3923
2001-03-23,80.1451,80.1451,75.7548,78.5246,2684200,29.3703
2001-03-22,80.7344,81.6184,78.3772,79.379,1607100,29.6899
2001-03-21,76.7861,81.7952,76.6683,80.8228,2271800,30.2299
2001-03-20,79.4969,81.3237,76.4915,77.6995,1952200,29.0617
2001-03-19,71.3056,79.438,71.3056,78.554,2617900,29.3813
2001-03-16,77.8174,80.5871,70.7163,74.0164,3068100,27.6841
2001-03-15,70.7458,79.2317,70.7458,78.2888,3653500,29.2821
2001-03-14,64.234,74.5468,64.234,73.3387,3413100,27.4306
2001-03-13,75.8138,75.8138,65.3242,65.442,5724600,24.4771
2001-03-12,81.972,86.4801,75.7843,77.7585,3267000,29.0838
2001-03-09,87.865,87.865,81.8541,83.6809,2873300,31.2989
2001-03-08,87.2757,90.7526,86.7748,88.9552,3346000,33.2716
2001-03-07,89.2793,91.0178,85.5372,87.9239,3399500,32.8859
2001-03-05,93.375,94.2295,86.981,87.7177,7401900,32.8088
2001-03-02,97.8242,99.8573,91.6955,92.5794,8645700,34.6272
2001-03-01,89.6624,98.3546,89.6624,96.0563,13071100,35.9276
2001-02-28,93.6696,95.1429,89.8686,91.0472,8785700,34.0541
2001-02-27,91.7839,93.9348,88.9847,92.9919,10649400,34.7815
2001-02-26,90.1633,92.108,86.9516,90.9294,9879800,34.01
2001-02-23,92.8151,94.4357,88.9847,89.574,10673100,33.5031
2001-02-22,93.6991,93.9348,90.8704,91.5187,5389800,34.2304
2001-02-21,93.4634,95.3197,92.8741,94.0232,10995400,35.1672
2001-02-20,91.7544,93.6696,91.7544,92.4026,6594300,34.561
2001-02-19,91.0178,93.6991,90.2222,91.4892,5002500,34.2194
2001-02-16,93.4044,93.6991,90.2222,90.4579,4964400,33.8337
2001-02-15,94.2295,94.8777,92.8446,93.4339,5713400,34.9468
2001-02-14,93.1098,94.8188,91.6365,93.4928,7510800,34.9688
2001-02-13,93.1098,95.2607,91.666,93.2866,8163500,34.8917
2001-02-12,95.9974,96.351,92.3142,92.9919,6946200,34.7815
2001-02-09,94.20,96.9697,94.20,95.9679,11210500,35.8946
2001-02-08,89.6918,93.9937,89.6329,93.4928,13821400,34.9688
2001-02-07,90.5169,90.5169,87.7471,89.4561,7657600,33.459
2001-02-06,88.1891,90.6642,86.8043,89.957,12455100,33.6463
2001-02-05,84.506,89.132,84.0051,87.8355,14479900,32.8528
2001-02-02,80.2041,84.4176,80.1451,84.0345,10491000,31.4312
2001-02-01,80.2041,82.1193,78.3772,80.646,7562100,30.1638
2001-01-31,80.1451,82.8559,79.6148,80.9407,11299300,30.274
2001-01-30,75.4307,80.0862,75.4307,79.7326,6375100,29.8221
2001-01-29,76.6388,77.0808,73.1324,75.578,2671200,28.2682
2001-01-25,77.2281,78.2594,76.2263,76.904,3307900,28.7642
2001-01-24,78.0826,78.4951,76.6683,77.8763,5306900,29.1278
2001-01-23,77.0808,78.3478,76.7861,77.0513,4672700,28.8192
2001-01-22,75.4307,76.845,75.0182,76.3147,3966800,28.5437
2001-01-19,75.4896,76.4325,74.6057,75.0182,4311900,28.0588
2001-01-18,74.1637,75.7254,72.7199,75.2539,5663800,28.147
2001-01-17,76.6093,77.3459,72.9262,73.4566,6728900,27.4747
2001-01-16,78.6424,78.9076,77.0808,77.4933,4091500,28.9846
2001-01-15,75.9022,78.613,75.637,78.112,6250300,29.216
2001-01-12,75.1361,76.6977,73.6923,75.4013,4328500,28.2021
2001-01-11,75.4307,75.578,74.2521,74.7235,2191100,27.9486
2001-01-10,75.3718,77.1397,74.311,74.8414,4379700,27.9927
2001-01-09,75.637,76.7566,74.5762,74.8414,3677100,27.9927
2001-01-08,77.8468,78.8192,75.5486,76.02,4026100,28.4335
2001-01-05,79.821,80.3809,77.9647,78.4067,4100800,29.3262
2001-01-04,81.2648,81.8541,78.3183,79.2612,6913400,29.6458
2001-01-03,79.8505,81.4416,78.7308,80.1746,6829300,29.9874
2001-01-02,78.0826,79.6737,77.8468,79.3201,4162500,29.6678
2001-01-01,77.0218,79.4969,76.6093,77.8763,4943800,29.1278
2000-12-29,73.3092,77.0218,73.2503,76.6683,6604000,28.676
2000-12-28,72.1601,73.6039,72.1601,72.8967,1555200,27.2653
2000-12-27,71.3056,73.0146,70.127,71.8949,1929900,26.8906
2000-12-26,72.1896,73.4271,70.7458,71.0404,2298000,26.571
2000-12-22,74.1932,75.4307,71.4529,71.8949,2998800,26.8906
2000-12-21,73.3682,74.6941,72.219,73.6923,1980400,27.5629
2000-12-20,74.2816,75.0182,73.1619,74.0164,1911000,27.6841
2000-12-19,73.486,76.1379,73.486,74.6941,6168700,27.9376
2000-12-18,69.243,73.6039,69.243,73.044,2632700,27.3204
2000-12-15,74.5762,75.3718,72.219,72.5726,4121700,27.1441
2000-12-14,75.1361,77.1102,74.8414,75.1066,4322200,28.0919
2000-12-13,75.1066,76.02,74.3405,75.4602,4425500,28.2241
2000-12-12,75.9611,75.9611,74.0164,74.5173,3897300,27.8715
2000-12-11,77.4638,78.0236,75.3718,75.8432,4128600,28.3674
2000-12-08,76.4325,78.3183,76.3147,77.0808,8068600,28.8303
2000-12-07,73.6628,76.4915,73.6628,76.3441,8943800,28.5547
2000-12-06,76.02,76.2852,73.6628,74.2521,6894100,27.7723
2000-12-05,74.1342,75.578,74.1342,74.812,4515700,27.9817
2000-12-04,72.9556,74.7825,72.5431,73.6923,6285000,27.5629
2000-12-01,72.0422,74.0753,71.4824,72.219,8134000,27.0118
2000-11-30,70.3922,73.6039,69.5377,72.5431,11050100,27.1331
2000-11-29,71.0109,72.3663,68.8895,70.0386,6030200,26.1963
2000-11-28,70.7163,72.3074,70.3038,71.394,5127200,26.7033
2000-11-27,68.8895,70.9815,68.4769,70.5984,7207500,26.4057
2000-11-24,66.1787,68.5653,66.0608,68.3001,8121300,25.5461
2000-11-23,64.9117,66.3555,64.3518,65.7662,3236500,24.5983
2000-11-22,64.9706,66.6501,64.4697,65.3536,6026300,24.444
2000-11-21,63.4089,65.4126,63.4089,64.2634,3460200,24.0362
2000-11-20,63.7036,64.5286,63.2616,64.1161,1768300,23.9811
2000-11-17,62.7902,64.0866,62.2303,63.6152,1576700,23.7938
2000-11-16,64.617,65.6188,62.8491,63.1143,3529400,23.6064
2000-11-15,64.7054,65.9429,63.4973,63.9393,4920900,23.915
2000-11-14,61.5232,64.0572,61.1991,63.5857,3364400,23.7828
2000-11-13,59.166,61.8178,58.0758,61.1696,2639300,22.8791
2000-11-10,62.4071,62.5545,59.8142,60.0205,2137600,22.4493
2000-11-09,62.4661,63.0259,61.8768,62.3777,1456300,23.3309
2000-11-08,62.083,64.1456,61.8768,62.8196,3958200,23.4962
2000-11-07,61.70,62.9375,61.2874,62.083,2753600,23.2207
2000-11-06,62.8786,63.5563,61.9062,62.2009,3799100,23.2648
2000-11-03,61.7589,63.35,61.1401,62.2598,5297500,23.2868
2000-11-02,58.8713,61.5526,58.8713,60.9633,5091600,22.8019
2000-11-01,57.899,59.107,57.015,58.7534,2918400,21.9753
2000-10-31,56.4257,57.2213,56.0721,56.9266,1308200,21.2921
2000-10-30,58.4883,58.4883,56.1311,56.4257,1057800,21.1047
2000-10-27,58.9302,60.1088,58.2231,58.5472,1144800,21.8982
2000-10-26,57.7516,59.2249,57.6043,58.8124,1325700,21.9974
2000-10-25,56.573,58.6356,56.3078,57.8106,2949900,21.6227
2000-10-24,56.5436,57.457,55.8659,56.3078,1580000,21.0606
2000-10-23,59.5785,60.3446,56.4846,56.7204,2200100,21.2149
2000-10-20,58.7829,61.8178,58.6356,60.2856,5519200,22.5484
2000-10-19,53.8622,58.5472,53.656,57.2213,4791200,21.4023
2000-10-18,52.4479,53.6265,52.0059,53.214,1408800,19.9035
2000-10-17,52.0059,53.7149,51.2693,52.0943,1488400,19.4847
2000-10-16,54.039,55.3944,51.947,52.7426,1821500,19.7271
2000-10-13,50.68,54.3337,50.1202,52.8899,2874900,19.7822
2000-10-12,51.3282,52.389,50.9747,51.2988,1003300,19.1871
2000-10-11,53.7738,54.4515,51.564,51.8881,1246500,19.4075
2000-10-10,56.1311,57.1623,54.0685,54.3632,1287600,20.3333
2000-10-09,56.632,57.1623,56.3373,56.5436,351900,21.1488
2000-10-06,56.7498,57.7222,56.6614,57.0739,462800,21.3472
2000-10-05,58.1052,59.107,57.1623,57.3097,829800,21.4354
2000-10-04,56.573,59.166,55.9837,57.9579,1672800,21.6778
2000-10-03,55.1292,57.0739,55.0998,56.3668,1279000,21.0827
2000-09-29,56.1311,56.2784,55.2471,55.5712,591500,20.7851
2000-09-28,56.2784,56.8677,55.5418,55.6596,614700,20.8182
2000-09-27,56.573,56.8677,55.5712,56.3373,564200,21.0717
2000-09-26,57.5748,57.5748,55.8953,56.3962,1464100,21.0937
2000-09-25,57.3097,60.0499,56.1605,56.6614,954200,21.1929
2000-09-22,58.5177,58.5177,55.9837,56.3078,1352400,21.0606
2000-09-21,59.3722,60.1088,58.3409,58.9008,1138500,22.0305
2000-09-20,58.2231,59.5196,57.3686,58.5472,2042300,21.8982
2000-09-19,59.5196,60.4035,57.2213,57.457,2070500,21.4905
2000-09-18,60.6982,61.2285,59.5196,59.9321,744100,22.4162
2000-09-15,63.4679,63.5857,61.4348,61.8473,992100,23.1325
2000-09-14,63.4089,64.0277,62.525,62.7902,638500,23.4852
2000-09-13,64.3813,64.7054,63.5268,63.6152,762400,23.7938
2000-09-12,65.3536,65.4126,64.0277,64.3518,1739300,24.0693
2000-09-11,66.2965,67.0921,65.1179,65.4715,1160000,24.4881
2000-09-08,66.5912,66.709,65.5894,65.7367,992700,24.5873
2000-09-07,66.8858,68.035,66.4438,66.6501,2122000,24.9289
2000-09-06,65.7662,67.4162,65.4126,66.6206,3035700,24.9179
2000-09-05,65.6778,66.2965,65.2063,65.5599,1361100,24.5212
2000-09-04,64.6759,66.2376,64.5286,65.3536,1638200,24.444
2000-08-31,64.8233,65.0885,63.9393,64.234,806800,24.0252
2000-08-30,65.2947,65.6483,64.7054,64.9117,920300,24.2787
2000-08-29,65.059,65.6188,64.5581,64.7054,1493200,24.2016
2000-08-28,65.1179,65.9429,64.8527,65.2358,1517500,24.3999
2000-08-25,64.5875,65.6778,64.4108,64.9117,1298900,24.2787
2000-08-24,66.2376,66.2376,64.2929,65.059,1390900,24.3338
2000-08-23,66.5912,67.6519,65.7072,66.2376,2743100,24.7746
2000-08-22,63.6741,66.2671,63.0848,65.7072,3181700,24.5763
2000-08-21,63.0554,64.1161,62.6723,63.3795,1526000,23.7056
2000-08-18,63.5857,63.5857,62.2009,62.7607,1370500,23.4742
2000-08-17,63.4973,64.6465,62.8491,63.0848,2382200,23.5954
2000-08-16,63.2616,64.4697,62.4661,63.4384,2273700,23.7277
2000-08-14,63.6447,63.6447,61.2874,62.2598,2924200,23.2868
2000-08-11,64.9411,65.4126,62.2893,63.1732,2183300,23.6285
2000-08-10,66.0019,66.4733,64.6759,64.9117,1123400,24.2787
2000-08-09,65.6778,67.0331,65.2947,66.0608,1150700,24.7085
2000-08-08,64.175,66.4144,63.1438,64.7643,3033900,24.2236
2000-08-07,67.1216,67.2983,62.8196,63.7331,2737700,23.8379
2000-08-04,67.9171,68.9484,66.5912,67.0331,2470200,25.0722
2000-08-03,69.5377,69.7734,66.7974,67.7403,3423000,25.3367
2000-08-02,70.3627,70.5984,68.8305,69.4788,2612800,25.9869
2000-08-01,69.7734,71.2467,69.243,69.5671,3166000,26.02
2000-07-31,70.127,70.3922,68.6832,69.5082,1501300,25.9979
2000-07-28,68.7127,71.8949,68.5948,69.6555,3674800,26.053
2000-07-27,68.3001,69.8323,67.6814,69.4493,2880200,25.9759
2000-07-26,71.8949,72.4842,68.2118,68.6243,3026200,25.6673
2000-07-25,67.8287,71.8654,64.8233,70.7163,4934300,26.4498
2000-07-24,71.4235,72.2485,68.2118,68.6537,3390000,25.6783
2000-07-21,80.6755,81.2943,73.4271,74.1342,8584100,27.7282
2000-07-20,80.5871,83.6515,79.5558,80.2335,9110900,30.0095
2000-07-19,83.3568,83.6809,78.6719,79.379,4296000,29.6899
2000-07-18,84.9774,85.8614,82.2077,82.7381,4689400,30.9463
2000-07-17,81.6773,85.4489,81.6773,84.8301,6545900,31.7287
2000-07-14,83.0917,83.9167,80.9112,81.3532,3093600,30.4283
2000-07-13,83.9756,85.1247,81.8836,82.9738,5144500,31.0344
2000-07-12,85.1247,85.2721,81.972,82.8559,7423000,30.9903
2000-07-11,78.7897,83.0033,78.1415,82.0014,6422900,30.6707
2000-07-10,79.5558,80.6755,78.4362,79.1139,4053300,29.5907
2000-07-07,76.2852,80.5576,76.02,79.5264,7745100,29.745
2000-07-06,75.578,76.1379,73.0735,75.3718,1592600,28.1911
2000-07-05,75.9611,77.0513,74.5468,74.9298,2288600,28.0258
2000-07-04,74.8414,76.7861,74.5468,75.6075,2823800,28.2792
2000-07-03,70.6574,75.9611,70.127,74.4878,5363500,27.8604
2000-06-30,71.0404,72.3663,69.4788,69.8029,1529000,26.1082
2000-06-29,72.1012,72.7788,71.3056,71.5118,1029900,26.7473
2000-06-28,71.3056,72.1306,70.8342,71.8654,641000,26.8796
