2000-06-27,72.1896,73.3092,70.9815,71.2761,2528000,26.6592
2000-06-26,73.0735,73.0735,71.3351,71.777,1019100,26.8465
2000-06-23,73.6333,75.1361,72.3663,72.6905,2163000,27.1882
2000-06-22,72.9851,74.2226,71.0993,73.5155,1990900,27.4968
2000-06-21,75.637,75.637,72.5431,72.7494,1432600,27.2102
2000-06-20,76.0495,76.6093,74.5468,75.0477,1573600,28.0698
2000-06-19,77.1986,77.1986,75.4307,75.9905,1686500,28.4225
2000-06-16,75.6959,77.4638,74.6941,76.8156,3417300,28.7311
2000-06-15,75.7254,75.8432,74.5468,74.9298,1083000,28.0258
2000-06-14,76.3147,77.7879,75.1655,75.6075,3696500,28.2792
2000-06-13,75.7843,76.02,72.8672,74.1048,5605700,27.7172
2000-06-12,78.8192,79.1433,75.7254,76.1084,3038200,28.4666
2000-06-09,78.3772,81.2059,77.7879,78.171,5062500,29.238
2000-06-08,77.1986,78.9665,76.904,78.4656,2760700,29.3482
2000-06-07,79.8505,80.1157,76.6093,76.9629,2575500,28.7862
2000-06-06,77.1986,80.0862,76.0789,78.9371,3600000,29.5246
2000-06-05,79.5558,83.3863,75.7254,76.7861,7633300,28.7201
2000-06-02,70.6574,78.7308,70.6574,78.7308,12694600,29.4474
2000-06-01,73.0735,73.486,69.9207,70.2743,3881600,26.2845
2000-05-31,70.2743,73.6039,69.0073,72.0128,8880700,26.9347
2000-05-30,68.3591,69.4788,67.7698,68.6832,3285400,25.6894
2000-05-29,67.7109,70.0681,67.0921,68.3591,3578400,25.5681
2000-05-26,67.2394,68.5948,66.326,67.1216,3299300,25.1053
2000-05-25,69.5377,71.1583,66.6796,67.4457,4776100,25.2265
2000-05-24,67.6225,71.2761,66.8858,69.685,5507900,26.0641
2000-05-23,67.2983,68.6537,66.326,68.035,2229700,25.4469
2000-05-22,66.5912,70.569,65.9429,67.4162,4760900,25.2155
2000-05-19,66.2965,68.0644,65.4715,66.8858,2864600,25.0171
2000-05-18,62.7902,68.0644,62.7902,65.6778,6344300,24.5653
2000-05-17,61.2285,63.8215,61.2285,61.9357,2408900,23.1656
2000-05-16,59.8142,60.9928,59.8142,60.2267,875200,22.5264
2000-05-15,58.0463,60.2562,57.7516,60.0499,752500,22.4603
2000-05-12,60.9633,61.258,58.3409,59.0776,788200,22.0966
2000-05-11,60.1678,61.5232,60.1088,60.4919,382300,22.6256
2000-05-10,63.2027,63.2027,61.1401,61.4053,572300,22.9672
2000-05-09,61.9357,62.5839,60.1973,61.641,1262700,23.0554
2000-05-08,63.35,65.4126,62.083,62.5839,1453900,23.4081
2000-05-05,61.9062,64.2045,61.1991,63.1438,1841200,23.6175
2000-05-04,61.258,63.6447,60.4035,62.1125,1087300,23.2317
2000-05-03,60.6982,61.2874,57.7516,60.7276,1190300,22.7137
2000-05-02,63.7036,64.234,59.6669,60.1088,2259300,22.4823
2000-04-28,66.2965,67.4751,63.35,63.7036,1518500,23.8269
2000-04-27,67.7698,67.7698,64.8233,65.6188,1756400,24.5432
2000-04-26,66.2376,68.4475,65.0001,68.0644,3660600,25.4579
2000-04-25,64.8822,65.4126,62.7607,64.3518,3580800,24.0693
2000-04-24,68.6537,69.243,65.1768,65.9724,2312300,24.6754
2000-04-20,68.3591,68.9484,66.1492,68.418,2090300,25.5902
2000-04-19,70.127,71.0109,67.0626,68.3296,4019900,25.5571
2000-04-18,67.7403,70.127,67.1805,68.3591,2702500,25.5681
2000-04-17,64.8233,71.3056,61.3464,67.4162,9516100,25.2155
2000-04-13,67.8287,67.8287,65.0001,66.1197,2895500,24.7305
2000-04-12,69.5377,70.51,68.1234,68.7716,1379300,25.7224
2000-04-11,69.243,70.3922,67.9171,69.0368,2269000,25.8216
2000-04-10,73.0735,74.1342,70.1565,71.0699,5580200,26.582
2000-04-07,68.2412,73.0146,67.9466,72.6315,7563600,27.1661
2000-04-06,70.0681,72.4253,66.0019,67.8876,2974300,25.3918
2000-04-05,67.1805,70.127,64.3518,69.685,5771100,24.5679
2000-04-04,71.6003,71.6003,66.5028,67.2689,5642000,23.7161
2000-04-03,68.8011,73.3092,68.8011,72.2779,5834900,25.4821
2000-03-31,63.2322,68.3591,62.0241,67.8582,6212300,23.9239
2000-03-30,61.4053,65.7072,59.5785,63.9688,4316700,22.5527
2000-03-29,63.1143,64.4992,61.1991,61.7884,1936200,21.7839
2000-03-28,61.5821,63.0554,60.1088,62.6723,2071500,22.0956
2000-03-27,62.9964,62.9964,60.6982,61.2874,794800,21.6073
2000-03-24,61.8768,62.8196,61.3464,62.3777,1165000,21.9917
2000-03-23,63.8509,65.2947,60.8749,61.4348,1476300,21.6593
2000-03-22,64.175,66.8269,62.4661,64.5581,2456500,22.7604
2000-03-21,64.6759,65.8251,60.7571,63.9393,4068500,22.5423
2000-03-16,63.6447,65.9429,59.2544,64.2634,5532400,22.6565
2000-03-15,61.8473,62.1419,59.5196,62.1419,2473000,21.9086
2000-03-14,54.1569,57.5159,52.5952,57.5159,2274200,20.2776
2000-03-13,54.9819,55.9248,52.5069,53.2435,1738300,18.7714
2000-03-10,56.573,57.1623,53.3908,54.1569,1416300,19.0934
2000-03-09,54.0685,57.457,53.6265,56.6025,2368900,19.9556
2000-03-08,58.5767,58.5767,53.3319,53.7149,2307100,18.9376
2000-03-07,60.9339,61.2874,56.8677,57.2507,3380600,20.1841
2000-03-06,64.175,66.2965,59.6669,60.6098,2481700,21.3684
2000-03-03,66.2965,66.2965,62.525,62.7313,2151100,22.1164
2000-03-02,71.8949,73.6923,66.6501,67.9466,7697300,23.9551
2000-03-01,72.4842,74.753,65.3831,68.2118,5886600,24.0486
2000-02-29,78.3772,80.0567,70.8931,71.0404,2659100,25.0458
2000-02-28,76.1379,77.6406,74.9003,77.0513,927100,27.165
2000-02-25,76.0789,78.3772,75.1361,75.7254,1157100,26.6975
2000-02-24,77.3754,78.4951,73.8101,75.9611,1332200,26.7806
2000-02-23,79.8505,80.1451,75.4307,75.8727,1236000,26.7495
2000-02-22,79.1728,79.7032,76.845,77.3459,1720200,27.2689
2000-02-21,78.9665,81.7657,77.7879,78.4656,1978200,27.6636
2000-02-18,80.1157,80.4398,78.0826,78.4951,1099700,27.674
2000-02-17,80.1451,81.1175,79.0255,80.0567,1299100,28.2246
2000-02-16,80.0273,81.3237,79.2612,79.7621,1364300,28.1207
2000-02-15,78.6719,80.7344,76.7566,77.6406,3086200,27.3728
2000-02-14,81.913,82.797,77.8174,79.3496,1719500,27.9753
2000-02-11,84.7417,84.8301,82.355,82.6202,1951100,29.1283
2000-02-10,85.7435,85.7435,83.1506,83.5926,1856200,29.4712
2000-02-09,85.6846,88.5427,84.3292,85.0953,4832300,30.001
2000-02-08,81.6184,84.5649,81.3827,83.1506,4543200,29.3153
2000-02-07,82.5023,83.0033,81.4711,81.913,1577700,28.879
2000-02-04,83.622,83.6809,81.913,82.5613,2807400,29.1076
2000-02-03,83.622,86.156,82.2372,82.5023,5557500,29.0868
2000-02-02,84.6828,85.5962,82.5023,83.1211,2335800,29.3049
2000-02-01,81.972,84.0935,81.6773,82.797,2966400,29.1907
2000-01-31,84.3292,84.8596,81.6773,82.1193,2153800,28.9517
2000-01-28,87.2168,88.9847,84.4176,85.1542,3388100,30.0217
2000-01-27,89.2204,90.4579,86.9221,87.3935,2488200,30.8112
2000-01-25,88.3954,90.7526,86.6275,87.4819,5142100,30.8424
2000-01-24,96.5867,96.5867,88.3954,89.0731,4151500,31.4034
2000-01-21,95.8795,97.0876,93.758,95.7027,4742700,33.7407
2000-01-20,100.771,105.485,94.7009,96.1152,14012500,33.8861
2000-01-19,104.307,104.896,100.771,101.861,4440900,35.9118
2000-01-18,98.3546,103.717,96.2036,101.831,5967700,35.9013
2000-01-17,97.2054,101.006,96.1152,98.2956,5644400,34.6548
2000-01-14,94.8777,95.4081,91.9312,93.5223,2616100,32.972
2000-01-13,98.9439,100.181,91.9606,93.8169,2689200,33.0758
2000-01-12,97.2349,101.36,93.7875,97.4117,3966900,34.3432
2000-01-11,105.485,106.074,98.826,98.826,2894800,34.8418
2000-01-10,102.509,108.962,102.509,107.40,7877200,37.8646
2000-01-07,102.185,105.485,98.001,101.331,6179600,35.725
2000-01-06,93.6696,99.651,93.6696,99.1501,4344800,34.9561
2000-01-05,85.2131,95.9974,85.2131,92.2553,6516600,32.5253
2000-01-04,88.4543,90.1633,84.2997,88.8668,2638900,31.3306
2000-01-03,87.2168,90.2811,86.0971,89.8392,3399200,31.6735
1999-12-30,84.8006,85.4489,83.239,83.8872,627000,29.575
1999-12-29,83.7988,86.0382,83.3863,84.2702,1296400,29.7101
1999-12-28,83.622,84.1524,81.6479,82.5023,1924300,29.0868
1999-12-27,84.7122,85.4489,82.0604,82.5907,1554200,29.1179
1999-12-24,87.2168,87.2168,84.6238,85.2131,1350500,30.0425
1999-12-23,89.4561,90.4285,86.3328,87.0989,1807100,30.7073
1999-12-22,84.2702,89.8392,83.0917,88.8079,7196900,31.3099
1999-12-21,85.2131,86.0382,82.5023,83.18,2658200,29.3257
1999-12-20,81.3827,84.2113,81.3827,83.4158,1715200,29.4088
1999-12-17,83.3568,83.6809,81.972,82.2961,1085300,29.0141
1999-12-16,83.6809,84.8301,82.8559,83.239,1267000,29.3465
1999-12-15,83.0917,86.0087,81.913,83.7693,3376500,29.5335
1999-12-14,83.9167,84.2113,81.3237,82.0014,2433900,28.9102
1999-12-13,85.714,85.7435,83.0917,83.5042,1407100,29.44
1999-12-10,86.0382,86.6275,84.7417,85.0363,1255900,29.9802
1999-12-09,85.4489,86.7453,84.9185,85.3899,1473400,30.1048
1999-12-08,88.3954,90.7526,84.2997,85.4489,4553700,30.1256
1999-12-07,84.5649,88.3954,84.2702,86.7453,4778900,30.5827
1999-12-06,84.1524,85.4194,83.4452,84.5944,2067100,29.8244
1999-12-03,85.6551,86.6275,82.797,83.622,2975100,29.4815
1999-12-02,84.3881,87.1578,84.2702,85.1542,1956000,30.0217
1999-12-01,84.506,85.9792,83.3863,84.4765,1732100,29.7828
1999-11-30,84.3292,85.714,81.9425,83.3274,3244600,29.3777
1999-11-29,86.6275,86.6275,84.4176,84.8006,1990800,29.8971
1999-11-26,90.6936,90.6936,85.6551,86.4212,3681200,30.4684
1999-11-25,89.8097,92.3142,87.2462,90.6936,9989800,31.9747
1999-11-24,83.0327,88.3954,82.5318,88.3954,6265100,31.1644
1999-11-22,83.4747,83.4747,81.4121,81.8247,2158700,28.8479
1999-11-19,83.0622,84.7417,82.7086,83.0917,2650700,29.2946
1999-11-18,82.0604,83.3863,81.088,82.5613,2046300,29.1076
1999-11-17,83.6809,84.8596,81.8247,81.913,1874300,28.879
1999-11-16,81.3827,83.7988,80.8818,82.7381,2348800,29.1699
1999-11-15,83.5336,84.1524,81.2059,81.8247,1360900,28.8479
1999-11-12,84.2702,84.2702,82.0604,82.8265,1287100,29.2011
1999-11-11,84.7712,85.5667,83.1211,83.7399,1448400,29.5231
1999-11-10,83.7988,85.8614,83.1211,84.506,2053700,29.7932
1999-11-09,83.6809,84.2702,81.5005,83.4158,2714600,29.4088
1999-11-05,82.5023,85.3899,82.5023,83.9461,3206700,29.5958
1999-11-04,81.3237,84.3881,76.9334,83.6809,5648300,29.5023
1999-11-03,87.4819,87.4819,80.2925,81.5595,4592400,28.7544
1999-11-02,81.3237,87.0694,76.7861,87.0694,6804600,30.6969
1999-11-01,87.3641,88.1007,80.4987,80.6166,4808100,28.422
1999-10-29,90.4579,91.224,85.2721,87.4819,6948500,30.8424
1999-10-28,92.5205,95.1429,88.9847,90.3695,6808400,31.8604
1999-10-27,101.036,101.36,91.9901,92.7857,10465200,32.7123
1999-10-26,97.8242,99.8868,96.1447,98.1189,6970700,34.5925
1999-10-25,95.7911,101.065,95.3491,98.2367,14009800,34.6341
1999-10-22,86.6275,94.5536,84.2702,94.20,15600100,33.2109
1999-10-21,91.9312,93.9348,86.6275,87.5409,7691800,30.8632
1999-10-20,88.2775,91.5776,87.5114,91.0472,5141100,32.0993
1999-10-18,84.6238,86.2739,81.913,84.7712,4828800,29.8867
1999-10-15,91.9312,92.0785,84.6238,84.9185,3066500,29.9386
1999-10-14,90.9883,93.0803,90.4874,91.9606,3364000,32.4214
1999-10-13,91.3419,93.5812,88.3954,90.3401,5523800,31.8501
1999-10-12,94.1705,95.1723,91.3419,92.9035,5322800,32.7538
1999-10-11,95.4965,96.4393,91.7839,92.7267,5694200,32.6915
1999-10-08,87.2168,93.5518,85.8024,93.0214,9841900,32.7954
1999-10-07,83.5336,87.1578,83.3863,86.598,5513900,30.5307
1999-10-06,83.6515,84.506,81.6479,82.355,3533400,29.0348
1999-10-05,81.9425,83.9756,81.913,83.0917,3660700,29.2946
1999-10-04,84.506,85.0363,82.0309,82.9148,4639400,29.2322
1999-10-01,86.4507,87.0989,82.7675,83.6809,4486900,29.5023
1999-09-30,84.9185,88.2775,84.6238,86.2444,6990000,30.4061
1999-09-29,82.5023,85.8614,81.913,84.6533,4803300,29.8451
1999-09-28,81.0291,81.2943,79.4085,80.8228,2721300,28.4947
1999-09-27,84.506,84.8301,80.7344,80.9407,2260800,28.5362
1999-09-24,82.4139,85.7435,82.0604,83.9461,4453700,29.5958
1999-09-23,81.0291,82.0898,80.7344,81.6184,1875900,28.7752
1999-09-22,82.0898,83.239,80.7344,81.3237,2461200,28.6713
1999-09-21,81.6184,82.797,80.3514,80.6166,4071500,28.422
1999-09-20,84.2702,84.6238,81.4711,81.7952,2904200,28.8375
1999-09-17,82.9443,84.5649,82.5907,84.1229,3609700,29.6581
1999-09-16,86.6275,87.2168,82.8559,83.7104,4166100,29.5127
1999-09-15,87.7471,88.9847,85.8908,86.1855,3087700,30.3853
1999-09-14,91.3419,91.3419,85.5962,86.3033,4549300,30.4268
1999-09-10,90.9883,92.4026,90.3695,90.6642,2878900,31.9643
1999-09-09,91.9017,92.1669,89.8686,90.782,3255500,32.0058
1999-09-08,95.467,96.6456,90.3695,91.283,5943000,32.1825
1999-09-07,95.9974,97.8242,94.3473,94.8482,4683900,33.4394
1999-09-06,93.1687,96.8813,92.7562,95.4081,5133800,33.6368
1999-09-03,92.1669,94.7304,92.049,92.7857,3707400,32.7123
1999-09-02,94.8777,95.1723,91.6365,92.3437,4358500,32.5564
1999-09-01,99.5332,100.476,93.758,96.4099,6340500,33.99
1999-08-31,100.211,101.36,97.2349,97.8537,4443400,34.499
1999-08-30,99.5921,103.01,98.0305,101.36,10875500,35.7352
1999-08-27,92.4026,98.9734,92.1374,97.5296,7796500,34.3848
1999-08-26,92.4615,93.9643,89.8097,91.6365,3878800,32.3071
1999-08-25,96.6456,97.6474,87.2168,90.4874,4459400,31.902
1999-08-24,93.2571,96.351,91.4008,94.7893,9376000,33.4186
1999-08-23,86.5096,92.3732,86.5096,92.3732,8236200,32.5668
1999-08-20,84.2702,86.0382,82.6497,85.5078,5177100,30.1464
1999-08-19,86.3328,88.0418,83.6809,84.2113,8742800,29.6893
1999-08-18,83.6809,87.1873,82.9148,86.3623,9765500,30.4476
1999-08-17,80.7344,81.5005,79.6148,80.705,5481100,28.4531
1999-08-16,82.3845,84.1524,79.9683,80.8523,4719600,28.5051
1999-08-13,85.2721,85.2721,81.0291,81.2943,4049300,28.6609
1999-08-12,85.3015,87.4525,83.7104,84.1819,6459400,29.6789
1999-08-11,79.5558,85.4489,78.1415,84.5944,8038300,29.8244
1999-08-10,82.5613,82.9443,80.4987,80.8818,3435700,28.5155
1999-08-09,79.438,84.4765,79.438,83.4452,6543700,29.4192
1999-08-06,79.1433,79.5264,77.8468,78.5835,1891200,27.7052
1999-08-05,81.6184,82.4434,78.4067,79.1728,2784800,27.9129
1999-08-04,79.7915,82.797,79.5558,81.5595,4453300,28.7544
1999-08-03,78.4656,79.438,76.6977,77.4049,3335000,27.2897
1999-08-02,81.8836,81.8836,78.4951,78.9371,1751800,27.8298
1999-07-30,81.913,83.622,81.1764,81.8247,3861600,28.8479
1999-07-29,81.3237,83.0327,80.9702,82.2372,3361100,28.9933
1999-07-28,86.8632,88.0123,81.2059,82.1488,4638700,28.9622
1999-07-27,83.6809,88.8079,83.4158,85.4783,6476900,30.136
1999-07-26,85.4489,85.4489,83.6809,84.1524,1545400,29.6685
1999-07-23,85.8024,87.1578,85.2131,85.8024,2310100,30.2503
1999-07-22,88.2186,88.8079,85.1542,85.6846,3643900,30.2087
1999-07-21,87.2168,89.8097,86.0676,87.8061,3438400,30.9567
1999-07-20,87.5114,90.8704,86.6275,87.423,7904900,30.8216
1999-07-19,94.2295,94.4357,87.5409,88.4838,5613200,31.1956
1999-07-16,91.4303,94.583,89.2204,92.8446,10087800,32.733
1999-07-15,101.331,101.331,92.0785,92.6384,12424800,32.6603
1999-07-14,96.6456,101.89,95.025,100.064,11634400,35.2783
1999-07-13,101.949,102.774,95.5259,96.7929,7734600,34.125
1999-07-12,97.8242,102.244,97.5296,101.419,11037200,35.756
1999-07-09,90.7526,97.7947,90.4579,97.4117,16638300,34.3432
1999-07-08,91.1651,92.1964,89.6034,90.5463,4179200,31.9227
1999-07-07,91.9017,93.375,89.6329,90.4579,6613800,31.8916
1999-07-06,96.4688,96.4688,91.6365,92.3142,9357800,32.546
1999-07-05,87.1284,93.6991,87.1284,93.6991,8176700,33.0343
1999-07-02,84.5649,87.4819,84.5649,86.7453,8635000,30.5827
1999-07-01,82.4434,85.0363,82.4434,83.9756,7372300,29.6062
1999-06-30,82.2961,82.4139,79.4085,82.0309,5109700,28.9206
1999-06-29,81.972,83.5042,81.0291,81.5005,3508400,28.7336
1999-06-28,83.0033,84.2702,81.9425,82.6497,3200700,29.1387
1999-06-25,84.6533,86.0382,80.9702,81.53,6517300,28.744
1999-06-24,81.0585,84.5649,80.7934,84.0345,6949400,29.627
1999-06-23,87.5114,87.5114,81.913,82.355,4576800,29.0348
1999-06-22,89.574,89.574,85.4489,87.6293,8175800,30.8943
1999-06-21,86.7453,90.4579,86.7453,88.4248,11723900,31.1748
1999-06-18,81.1764,86.6569,81.1764,85.8024,17346900,30.2503
1999-06-17,79.4674,81.2943,78.3772,80.3219,11536100,28.3181
1999-06-16,76.5504,79.7032,73.7217,78.613,14639100,27.7156
1999-06-15,74.1932,78.2004,74.1932,75.4013,9099300,26.5833
1999-06-14,69.0663,74.1342,65.442,72.3958,7202400,25.5237
1999-06-11,70.1565,72.9262,68.6832,70.7458,9179300,24.9419
1999-06-10,72.8378,73.9575,69.6261,70.4511,5075500,24.838
1999-06-09,73.6628,75.9611,71.6003,72.1012,9083900,25.4198
1999-06-08,70.3333,76.904,69.8323,76.904,6767700,27.1131
1999-06-07,71.4824,73.545,69.8323,71.3645,8054800,25.1601
1999-06-04,66.2965,70.6574,66.2965,70.6574,10767300,24.9108
1999-06-03,64.234,66.5028,63.7036,65.4126,6542100,23.0617
1999-06-02,63.6152,64.3813,62.083,63.9688,2742200,22.5527
1999-06-01,63.9393,67.0921,62.7018,62.8196,9250500,22.1475
1999-05-31,62.1125,64.617,60.8749,64.617,6291500,22.7812
1999-05-28,61.5821,62.8786,57.0445,59.8142,9065900,21.0879
1999-05-27,64.8233,67.4457,60.7571,60.7571,8688900,21.4204
1999-05-26,68.3591,68.6537,63.9393,64.8822,7246400,22.8747
1999-05-25,64.8233,69.0957,64.234,68.0644,9062800,23.9966
1999-05-24,64.8233,65.5894,63.2911,65.0295,4822200,22.9266
1999-05-21,72.0422,72.4842,66.7385,66.7385,6545500,23.5291
1999-05-20,74.7235,75.7254,71.6003,72.5137,11502700,25.5652
1999-05-19,72.6021,76.02,71.0109,74.1048,12496700,26.1262
1999-05-18,72.4842,74.4878,71.6592,72.5431,9172200,25.5756
1999-05-17,71.2761,75.3718,68.2412,71.9833,16096200,25.3782
1999-05-14,67.7698,71.3056,67.4751,70.4216,12410000,24.8276
1999-05-13,64.7054,67.6814,63.2322,67.2689,11324400,23.7161
1999-05-12,66.5322,67.1216,60.7571,63.0554,7872200,20.8204
1999-05-11,64.234,66.4438,63.3795,66.0019,4746200,21.7933
1999-05-10,59.5785,63.0259,59.0186,63.0259,7238200,20.8107
1999-05-07,59.5196,60.9928,58.0758,58.3409,4102500,19.2637
1999-05-06,55.5712,59.7847,55.5712,58.8419,6231600,19.4291
1999-05-05,57.7516,57.7516,55.6891,56.0427,3063400,18.5049
1999-05-04,54.3632,58.0168,54.098,57.899,3965100,19.1178
1999-05-03,52.4479,55.8069,51.6524,54.6873,4911200,18.0573
1999-04-30,48.5585,52.1238,47.763,52.1238,4176700,17.2109
1999-04-29,46.3781,48.2639,46.2602,48.2639,1967300,15.9364
1999-04-28,44.1977,45.9656,43.9914,45.9656,1084200,15.1775
1999-04-26,46.5549,46.5549,44.6397,44.6397,1502800,14.7397
1999-04-23,49.7077,49.9729,48.1166,48.4996,1197200,16.0142
1999-04-22,51.4461,52.0354,48.971,49.5014,876300,16.345
1999-04-21,51.8586,52.4184,50.7684,51.3282,1027200,16.9482
1999-04-20,51.8586,52.4184,50.9747,51.6229,1129900,17.0455
1999-04-19,51.2693,53.0078,50.68,51.6818,1284000,17.0649
1999-04-16,51.4756,55.306,50.9747,55.306,1642500,18.2616
1999-04-15,50.68,52.1238,50.68,51.2104,790100,16.9093
1999-04-13,53.2729,53.5676,52.4479,52.8899,859400,17.4638
1999-04-12,53.0372,54.039,51.8881,53.214,1099200,17.5709
1999-04-09,55.5418,56.1605,53.5971,53.7738,1297800,17.7557
1999-04-08,56.6909,56.7498,54.9524,55.6301,882100,18.3686
1999-04-07,56.8677,58.2231,56.19,56.3668,1912700,18.6119
1999-04-06,55.0998,57.3981,54.5399,57.1623,1618800,18.8745
1999-04-05,56.0721,58.2231,55.0998,55.5712,1468900,18.3492
1999-04-01,60.8455,61.641,59.107,59.5196,1888900,19.6529
1999-03-31,60.1088,61.1107,59.9321,61.1107,1397600,20.1783
1999-03-30,57.7516,58.3409,54.8641,56.573,3710900,18.68
1999-03-26,59.2838,59.991,58.3409,58.9008,2343600,19.4486
1999-03-25,60.9928,62.9964,59.107,59.2249,3001600,19.5556
1999-03-24,64.6759,65.7072,62.2303,63.0554,2350300,20.8204
1999-03-23,63.9393,64.9411,62.0536,63.2911,2625900,20.8982
1999-03-22,64.175,65.059,63.35,64.2634,1283800,21.2193
1999-03-19,66.0019,66.8858,64.8233,64.8822,2108000,21.4236
1999-03-18,65.442,66.5322,64.3518,65.4126,2315800,21.5987
1999-03-17,65.4126,68.2118,64.617,65.059,3378000,21.482
1999-03-16,65.4126,67.1805,64.175,64.175,3412900,21.1901
1999-03-15,67.1805,67.593,65.442,65.7956,1898200,21.7252
1999-03-12,67.2983,68.2707,67.1805,67.1805,2179700,22.1825
1999-03-11,68.9484,71.1877,67.4162,67.5046,5569800,22.2895
1999-03-10,67.8876,69.4788,67.1805,68.6537,3745900,22.6689
1999-03-09,65.7662,69.4493,64.5875,66.5912,5150400,21.9879
1999-03-08,69.8323,70.127,63.9982,65.5894,3852100,21.6571
1999-03-05,69.0368,71.0109,69.0073,69.5082,3318500,22.9511
1999-03-04,70.1565,71.0109,69.243,69.302,2962400,22.883
1999-03-03,70.569,72.4842,69.5377,69.9207,5549100,23.0873
1999-03-01,71.0109,71.8654,68.3591,68.9779,5699700,22.776
1999-02-26,74.4584,74.812,73.1324,73.928,3274800,24.4105
1999-02-25,72.8967,75.1066,72.4842,73.545,5393900,24.284
1999-02-24,73.2208,73.8985,72.219,72.7788,2642300,24.031
1999-02-23,72.7788,72.9262,71.3645,72.4842,4076400,23.9337
1999-02-22,73.6628,75.9905,72.5137,72.7199,5242700,24.0115
1999-02-19,75.1361,75.7254,73.9575,74.2226,4606300,24.5077
1999-02-18,74.2521,75.7254,73.1324,73.9575,5643900,24.4202
1999-02-17,75.1361,76.5209,72.4842,74.0459,9253500,24.4494
1999-02-16,70.4806,73.9575,70.4806,73.7807,5078200,24.3618
1999-02-15,70.127,73.3092,69.5377,70.4511,7904700,23.2624
1999-02-12,68.8011,69.5377,68.5359,69.0663,2530100,22.8052
1999-02-11,69.8323,70.6574,68.4769,68.6537,6042000,22.6689
1999-02-10,67.8287,70.0091,67.1805,69.3904,5119300,22.9122
1999-02-09,66.1787,67.2983,64.4108,67.1805,5068600,22.1825
1999-02-08,70.0681,71.1288,66.5322,66.5322,5223500,21.9684
1999-02-05,69.4788,70.6279,68.6537,69.5377,6044200,22.9608
1999-02-04,68.9484,71.7181,68.5064,69.0073,10051900,22.7857
1999-02-03,67.4751,68.9484,66.7385,68.8895,5423100,22.7468
1999-02-02,66.326,66.8564,65.1768,66.0019,3481900,21.7933
1999-02-01,66.8858,69.3609,66.0903,66.0903,4136200,21.8225
1999-01-29,67.0921,68.3001,66.2965,68.0644,3707400,22.4743
1999-01-28,68.2412,70.0975,66.3555,66.768,5562000,22.0463
1999-01-27,64.6759,69.0073,63.6447,68.8011,6843700,22.7176
1999-01-25,65.0001,65.4126,63.1438,63.8804,4434700,21.0928
1999-01-22,65.7072,67.593,65.0295,65.4715,5086700,21.6182
1999-01-21,65.7662,67.8287,62.6428,66.0313,11602900,21.803
1999-01-19,69.4788,69.8913,64.8822,65.7072,5189200,21.696
1999-01-18,71.3056,71.6003,68.9779,70.0975,2377000,23.1457
1999-01-15,74.8414,74.8414,71.3056,71.394,4168400,23.5737
1999-01-14,71.7476,75.2539,71.0109,74.1048,6795300,24.4688
1999-01-13,74.8414,74.9887,72.5431,72.7788,4163700,24.031
1999-01-12,76.3736,76.8745,73.1324,73.7807,6260400,24.3618
1999-01-11,78.3772,80.6755,76.6977,77.1986,9637600,25.4904
1999-01-08,75.4307,76.904,74.6057,76.904,8376500,25.3931
1999-01-07,73.928,74.7235,73.3682,74.1342,6458000,24.4785
1999-01-06,73.2208,74.7825,72.5726,73.545,9813700,24.284
1999-01-05,71.2467,72.4547,70.4806,71.4529,8963900,23.5932
1999-01-04,72.7199,73.044,70.9225,71.1288,4882800,23.4862
1999-01-01,69.5671,73.0735,69.3609,73.0735,9761700,24.1283
1998-12-31,70.7458,71.1877,69.0368,69.243,6026500,22.8635
1998-12-30,73.0146,73.6628,70.6279,71.3351,7269600,23.5543
1998-12-29,68.6832,72.1306,67.7698,71.9538,7652200,23.7586
1998-12-28,67.4751,68.9484,66.6501,68.9484,8352700,22.7662
1998-12-24,63.1143,66.7385,63.0848,66.4733,10632400,21.949
1998-12-23,64.175,65.059,63.6447,63.6447,6480300,21.015
1998-12-22,63.6741,63.8804,61.8768,63.7625,6665500,21.0539
1998-12-21,61.5821,61.9946,57.3981,61.9946,2680200,20.4701
1998-12-18,57.0445,57.8106,56.2489,57.3981,4408700,18.9524
1998-12-17,57.1623,58.9892,56.1605,56.573,6285100,18.68
1998-12-16,58.7829,59.6374,57.3097,59.6374,6814800,19.6918
1998-12-15,58.6356,59.7847,58.3409,58.3999,6577500,19.2832
1998-12-14,60.5803,60.9928,58.7534,59.2249,7051300,19.5556
1998-12-11,57.1623,60.9928,57.1034,60.816,16154500,20.081
1998-12-10,57.1623,57.6927,56.3962,56.9266,2822900,18.7967
1998-12-09,58.282,58.5767,56.632,56.6909,5094200,18.7189
1998-12-08,56.4846,57.7516,56.0132,57.7516,6072600,19.0691
1998-12-07,55.5712,56.9266,55.2471,56.573,6154400,18.68
1998-12-04,53.5087,55.3944,53.0667,55.3944,5758500,18.2908
1998-12-03,54.2158,54.3926,52.5952,53.4792,3844100,17.6584
1998-12-02,53.8328,55.0409,53.6265,53.9506,4656600,17.8141
1998-12-01,50.4148,53.8622,50.3264,53.3319,5831300,17.6098
1998-11-30,49.8844,50.68,49.3246,50.68,2637700,16.7341
1998-11-27,51.2693,51.5345,49.3246,49.7371,4529500,16.4228
1998-11-26,52.8604,53.9506,50.4443,51.0041,5193900,16.8412
1998-11-24,55.0114,55.5123,54.0096,54.1864,5528100,17.8919
1998-11-23,54.5989,54.7167,53.9212,54.1274,3761700,17.8724
1998-11-20,58.1936,58.5472,55.2471,55.6891,9142200,18.3881
1998-11-19,55.9248,58.1642,55.8069,56.9266,11473000,18.7967
1998-11-18,55.3944,56.4846,55.2766,55.8364,6095500,18.4367
1998-11-17,53.3319,54.6283,53.3319,54.2453,3268100,17.9114
1998-11-16,53.3908,55.365,52.8015,53.4497,4759000,17.6487
1998-11-13,51.8881,55.748,51.3577,54.2748,8621000,17.9211
1998-11-12,51.7997,52.5952,51.0336,52.3301,2169000,17.279
1998-11-11,53.1551,54.098,51.947,52.3595,3798100,17.2887
1998-11-10,52.8015,52.8899,51.4756,52.4479,2718900,17.3179
1998-11-09,51.7997,53.214,51.4461,52.389,4207900,17.2984
1998-11-06,51.4461,51.564,50.68,51.2398,2588300,16.919
1998-11-05,49.9139,51.4756,49.5014,51.2693,5922900,16.9287
1998-11-03,47.9103,49.4719,47.7335,49.0889,5079100,16.2088
1998-11-02,48.6175,49.1773,47.4389,48.0281,2184300,15.8585
1998-10-30,47.6746,49.7666,46.8495,48.0281,7052400,15.8585
1998-10-29,45.3763,47.6156,44.5807,46.8201,3111800,15.4596
1998-10-28,47.4389,48.9121,45.7299,46.1424,3309800,15.2359
1998-10-27,46.7906,48.2933,45.0816,46.879,3078200,15.4791
1998-10-26,43.3727,45.9656,43.3727,45.9656,1562900,15.1775
1998-10-23,41.8405,43.6084,40.3967,42.5476,2544200,14.0489
1998-10-22,43.8146,43.8736,40.4262,41.2512,2185500,13.6208
1998-10-20,44.0504,44.1977,42.2825,42.4887,1373300,14.0294
1998-10-19,45.7299,45.8477,44.2271,44.3745,579500,14.6521
1998-10-16,46.6727,46.9969,44.5807,45.229,1563200,14.9343
1998-10-15,48.7648,48.7648,45.9951,46.3192,1611300,15.2942
1998-10-14,49.4425,49.6487,46.1129,48.4112,2361800,15.985
1998-10-13,49.2067,49.7961,48.0281,48.2933,1255800,15.9461
1998-10-12,50.68,51.0336,49.0005,49.3835,686700,16.306
1998-10-09,49.5603,51.7702,49.5603,50.238,1288500,16.5882
1998-10-08,52.389,53.0372,49.7371,50.0318,1165600,16.5201
1998-10-07,51.5345,52.2711,51.122,52.1533,951100,17.2206
1998-10-06,49.5603,51.8292,49.3246,50.6211,1210300,16.7147
1998-10-05,53.6265,53.6265,50.0907,50.238,1839400,16.5882
1998-09-30,55.0409,55.0409,54.0685,54.4221,1093600,17.9698
1998-09-29,56.6614,56.9561,53.9212,54.5989,1478200,18.0281
1998-09-28,58.0463,58.0463,56.573,56.7204,956300,18.7286
1998-09-25,57.6632,58.282,57.2507,57.457,1780400,18.9719
1998-09-24,57.2802,57.899,57.0445,57.5748,1581700,19.0108
1998-09-23,57.0445,57.3686,56.4846,56.6614,1058900,18.7092
1998-09-22,56.6025,57.1034,56.0721,56.3962,1445400,18.6216
1998-09-21,57.4275,58.2525,56.6025,56.8971,2556600,18.787
1998-09-18,55.2766,57.1623,54.9524,56.9561,3391400,18.8065
1998-09-17,55.9837,56.4552,55.2766,55.4828,1249900,18.32
1998-09-16,55.9837,57.3391,55.5123,55.8659,3000400,18.4465
1998-09-15,55.1292,56.2195,55.0114,55.306,1754300,18.2616
1998-09-14,54.7462,55.9248,54.5399,55.6301,2019500,18.3686
1998-09-11,54.4515,54.5399,53.656,54.0096,1297500,17.8336
1998-09-10,55.306,55.6596,54.6283,55.0998,1439000,18.1935
1998-09-09,57.3391,57.7222,54.8051,55.0998,1999900,18.1935
1998-09-08,54.0685,55.9248,53.9212,55.1882,2515000,18.2227
1998-09-07,52.3595,54.8641,52.3595,54.2158,2927200,17.9016
1998-09-04,51.8586,52.2122,51.1515,51.9175,2234900,17.1428
1998-09-03,52.0354,52.9194,51.122,51.3577,1108000,16.9579
1998-09-02,51.8586,52.4479,51.2104,51.6818,1012700,17.0649
1998-09-01,52.772,52.772,50.0023,50.9452,1635000,16.8217
1998-08-31,54.1569,54.1864,52.6247,53.0961,1042700,17.5319
1998-08-28,54.8346,55.0998,53.3319,53.6855,1529100,17.7265
1998-08-27,56.2195,56.8088,55.1587,55.5418,1722500,18.3395
1998-08-25,55.6596,56.3668,55.4239,55.7186,1373400,18.3979
1998-08-24,55.3944,56.573,54.9819,55.9248,1367400,18.4659
1998-08-21,54.2158,58.4883,54.2158,56.1311,3988500,18.5341
1998-08-20,54.6578,56.9855,54.5105,56.5141,1942600,18.6605
1998-08-19,54.8051,56.2784,53.656,54.5694,2082200,18.0184
1998-08-18,55.1587,55.2471,53.9212,54.0685,1729100,17.853
1998-08-17,56.2784,56.573,55.0998,55.2176,786200,18.2324
1998-08-14,56.6909,56.9561,55.5418,55.748,1164000,18.4076
1998-08-13,54.8051,57.1623,54.8051,56.5436,2009500,18.6703
1998-08-12,56.3078,57.3097,54.8051,55.0409,2873700,18.1741
1998-08-11,58.2231,58.2231,56.4552,56.7498,1859400,18.7383
1998-08-10,58.5177,59.2249,58.0463,58.1936,1452700,19.2151
1998-08-07,59.2249,60.0499,58.4883,59.2249,1505500,19.5556
1998-08-06,60.4624,61.8768,58.9302,59.1954,3210400,19.5459
1998-08-05,56.573,61.7884,56.573,60.374,2969600,19.935
1998-08-04,58.2231,59.3428,57.5159,57.899,2169500,19.1178
1998-08-03,59.5196,59.5196,58.1052,58.5472,1616400,19.3318
1998-07-31,61.7294,62.9375,59.4017,60.2562,3118600,19.8961
1998-07-30,62.5839,63.6447,61.4348,61.8178,1452300,20.4118
1998-07-29,63.3205,63.3205,60.6982,62.4366,1629100,20.6161
1998-07-28,59.3133,63.0554,58.6651,62.6428,3228800,20.6842
1998-07-27,61.8768,62.4661,58.6356,59.4311,3375700,19.6237
1998-07-24,63.6447,65.4126,61.3169,61.3759,5333200,20.2658
1998-07-23,72.4842,72.4842,66.6501,66.6501,5330700,22.0073
1998-07-22,72.7788,73.6628,72.1896,72.4253,926800,23.9143
1998-07-21,73.5155,74.2816,71.8949,72.0717,1742100,23.7975
1998-07-20,75.4307,75.9611,73.3976,73.8101,1515600,24.3715
1998-07-17,76.5504,78.2004,75.4307,75.9905,2943900,25.0915
1998-07-16,75.7254,76.6683,74.5762,76.4031,1539400,25.2277
1998-07-15,75.8727,77.1102,74.3994,74.7235,1804800,24.6731
1998-07-14,74.9298,75.7254,73.9869,74.5173,1483400,24.605
1998-07-13,77.6406,78.2299,74.6057,75.1066,2437600,24.7996
1998-07-10,74.0459,77.4933,74.0459,76.8156,3858800,25.3639
1998-07-09,73.6628,75.1361,73.4566,74.0164,2357800,24.4396
1998-07-08,73.6039,74.5468,72.4253,73.5155,2412500,24.2743
1998-07-07,73.0146,74.2521,71.4235,71.8949,2048900,23.7391
1998-07-06,71.3056,73.0735,71.0404,72.8083,840400,24.0407
1998-07-03,72.2485,72.5726,70.569,71.0404,1040300,23.457
1998-07-02,72.4253,73.4566,72.3958,72.661,584000,23.9921
1998-07-01,74.8414,74.8414,72.1896,73.2503,830100,24.1867
1998-06-30,74.8414,74.9003,73.3387,73.8101,1794600,24.3715
1998-06-29,72.5431,75.0771,72.0422,74.7825,1557400,24.6926
1998-06-26,74.8414,74.8414,72.7199,73.044,1706500,24.1186
1998-06-25,74.7825,76.1968,73.9575,75.0771,2851800,24.7899
1998-06-24,72.4842,74.7825,71.4529,74.1342,3066900,24.4785
